x [mm], y [mm], u [m/s], v [m/s]
-1.950000000000000000e+02, -9.500000000000000000e+01, nan, nan
-1.850000000000000000e+02, -9.500000000000000000e+01, nan, nan
-1.750000000000000000e+02, -9.500000000000000000e+01, nan, nan
-1.650000000000000000e+02, -9.500000000000000000e+01, nan, nan
-1.550000000000000000e+02, -9.500000000000000000e+01, nan, nan
-1.450000000000000000e+02, -9.500000000000000000e+01, nan, nan
-1.350000000000000000e+02, -9.500000000000000000e+01, nan, nan
-1.250000000000000000e+02, -9.500000000000000000e+01, nan, nan
-1.150000000000000000e+02, -9.500000000000000000e+01, nan, nan
-1.050000000000000000e+02, -9.500000000000000000e+01, nan, nan
-9.500000000000000000e+01, -9.500000000000000000e+01, 9.045248985290527344e+00, -3.172015547752380371e-01
-8.500000000000000000e+01, -9.500000000000000000e+01, 9.085188865661621094e+00, -2.947136759757995605e-01
-7.500000000000000000e+01, -9.500000000000000000e+01, 9.105072975158691406e+00, -2.305366545915603638e-01
-6.500000000000000000e+01, -9.500000000000000000e+01, 9.336349487304687500e+00, -8.258560299873352051e-02
-5.500000000000000000e+01, -9.500000000000000000e+01, 1.003102111816406250e+01, 4.768717288970947266e-02
-4.500000000000000000e+01, -9.500000000000000000e+01, 1.063468265533447266e+01, 2.374188750982284546e-01
-3.500000000000000000e+01, -9.500000000000000000e+01, 1.109484004974365234e+01, 3.749537169933319092e-01
-2.500000000000000000e+01, -9.500000000000000000e+01, 1.150961685180664062e+01, 4.968238472938537598e-01
-1.500000000000000000e+01, -9.500000000000000000e+01, 1.146264266967773438e+01, 4.460231959819793701e-01
-5.000000000000000000e+00, -9.500000000000000000e+01, 1.067337131500244141e+01, 2.893906831741333008e-01
5.000000000000000000e+00, -9.500000000000000000e+01, 9.836966514587402344e+00, 1.171383410692214966e-01
1.500000000000000000e+01, -9.500000000000000000e+01, 9.389978408813476562e+00, 5.090141296386718750e-02
2.500000000000000000e+01, -9.500000000000000000e+01, 9.145714759826660156e+00, 1.034514009952545166e-01
3.500000000000000000e+01, -9.500000000000000000e+01, 8.983800888061523438e+00, 1.574214398860931396e-01
4.500000000000000000e+01, -9.500000000000000000e+01, 8.968903541564941406e+00, 3.602829575538635254e-02
5.500000000000000000e+01, -9.500000000000000000e+01, 9.152891159057617188e+00, -1.935364305973052979e-01
6.500000000000000000e+01, -9.500000000000000000e+01, 9.483265876770019531e+00, -3.397209942340850830e-01
7.500000000000000000e+01, -9.500000000000000000e+01, 9.817688941955566406e+00, -3.107396066188812256e-01
8.500000000000000000e+01, -9.500000000000000000e+01, 1.010680866241455078e+01, -1.933710128068923950e-01
9.500000000000000000e+01, -9.500000000000000000e+01, 1.026243686676025391e+01, -8.222959935665130615e-02
1.050000000000000000e+02, -9.500000000000000000e+01, 1.025578308105468750e+01, -1.042127609252929688e-02
1.150000000000000000e+02, -9.500000000000000000e+01, 1.019733333587646484e+01, 7.548911869525909424e-02
1.250000000000000000e+02, -9.500000000000000000e+01, 1.008687400817871094e+01, 1.241711974143981934e-01
1.350000000000000000e+02, -9.500000000000000000e+01, 1.013461971282958984e+01, 4.545694217085838318e-02
1.450000000000000000e+02, -9.500000000000000000e+01, 1.035431289672851562e+01, -1.168980747461318970e-01
1.550000000000000000e+02, -9.500000000000000000e+01, 1.061594581604003906e+01, -2.618999481201171875e-01
1.650000000000000000e+02, -9.500000000000000000e+01, 1.078524875640869141e+01, -3.895337283611297607e-01
1.750000000000000000e+02, -9.500000000000000000e+01, 1.062047863006591797e+01, -5.070206522941589355e-01
1.850000000000000000e+02, -9.500000000000000000e+01, 1.046116352081298828e+01, -5.814117789268493652e-01
1.950000000000000000e+02, -9.500000000000000000e+01, 1.044051265716552734e+01, -5.695093274116516113e-01
-1.950000000000000000e+02, -8.500000000000000000e+01, nan, nan
-1.850000000000000000e+02, -8.500000000000000000e+01, nan, nan
-1.750000000000000000e+02, -8.500000000000000000e+01, nan, nan
-1.650000000000000000e+02, -8.500000000000000000e+01, nan, nan
-1.550000000000000000e+02, -8.500000000000000000e+01, nan, nan
-1.450000000000000000e+02, -8.500000000000000000e+01, nan, nan
-1.350000000000000000e+02, -8.500000000000000000e+01, nan, nan
-1.250000000000000000e+02, -8.500000000000000000e+01, nan, nan
-1.150000000000000000e+02, -8.500000000000000000e+01, nan, nan
-1.050000000000000000e+02, -8.500000000000000000e+01, 8.816841125488281250e+00, -3.992856740951538086e-01
-9.500000000000000000e+01, -8.500000000000000000e+01, 8.876624107360839844e+00, -3.626778423786163330e-01
-8.500000000000000000e+01, -8.500000000000000000e+01, 8.778848648071289062e+00, -3.222729563713073730e-01
-7.500000000000000000e+01, -8.500000000000000000e+01, 8.956008911132812500e+00, -1.818027049303054810e-01
-6.500000000000000000e+01, -8.500000000000000000e+01, 9.547114372253417969e+00, -9.592323005199432373e-02
-5.500000000000000000e+01, -8.500000000000000000e+01, 1.033291435241699219e+01, 3.667435050010681152e-02
-4.500000000000000000e+01, -8.500000000000000000e+01, 1.078607559204101562e+01, 2.090923935174942017e-01
-3.500000000000000000e+01, -8.500000000000000000e+01, 1.099591159820556641e+01, 3.400354981422424316e-01
-2.500000000000000000e+01, -8.500000000000000000e+01, 1.096579742431640625e+01, 3.854441344738006592e-01
-1.500000000000000000e+01, -8.500000000000000000e+01, 1.079093170166015625e+01, 3.664828538894653320e-01
-5.000000000000000000e+00, -8.500000000000000000e+01, 1.047157955169677734e+01, 3.293707966804504395e-01
5.000000000000000000e+00, -8.500000000000000000e+01, 1.005637550354003906e+01, 2.680443227291107178e-01
1.500000000000000000e+01, -8.500000000000000000e+01, 9.721816062927246094e+00, 2.122616767883300781e-01
2.500000000000000000e+01, -8.500000000000000000e+01, 9.493582725524902344e+00, 2.335288524627685547e-01
3.500000000000000000e+01, -8.500000000000000000e+01, 9.354507446289062500e+00, 2.452114224433898926e-01
4.500000000000000000e+01, -8.500000000000000000e+01, 9.319553375244140625e+00, 1.437819153070449829e-01
5.500000000000000000e+01, -8.500000000000000000e+01, 9.418910980224609375e+00, -2.713087201118469238e-02
6.500000000000000000e+01, -8.500000000000000000e+01, 9.662182807922363281e+00, -1.657800376415252686e-01
7.500000000000000000e+01, -8.500000000000000000e+01, 9.965374946594238281e+00, -2.130391746759414673e-01
8.500000000000000000e+01, -8.500000000000000000e+01, 1.021399307250976562e+01, -1.331555545330047607e-01
9.500000000000000000e+01, -8.500000000000000000e+01, 1.024191570281982422e+01, -1.788859069347381592e-02
1.050000000000000000e+02, -8.500000000000000000e+01, 1.011729526519775391e+01, 3.865288197994232178e-02
1.150000000000000000e+02, -8.500000000000000000e+01, 9.970509529113769531e+00, 6.861135363578796387e-02
1.250000000000000000e+02, -8.500000000000000000e+01, 9.858099937438964844e+00, 4.358577355742454529e-02
1.350000000000000000e+02, -8.500000000000000000e+01, 9.888660430908203125e+00, -6.426016986370086670e-02
1.450000000000000000e+02, -8.500000000000000000e+01, 1.002496242523193359e+01, -1.773887723684310913e-01
1.550000000000000000e+02, -8.500000000000000000e+01, 1.021625804901123047e+01, -2.913912832736968994e-01
1.650000000000000000e+02, -8.500000000000000000e+01, 1.040520858764648438e+01, -4.123012721538543701e-01
1.750000000000000000e+02, -8.500000000000000000e+01, 1.044450473785400391e+01, -5.237824916839599609e-01
1.850000000000000000e+02, -8.500000000000000000e+01, 1.053399753570556641e+01, -5.714322328567504883e-01
1.950000000000000000e+02, -8.500000000000000000e+01, 1.057818412780761719e+01, -5.759050846099853516e-01
-1.950000000000000000e+02, -7.500000000000000000e+01, nan, nan
-1.850000000000000000e+02, -7.500000000000000000e+01, nan, nan
-1.750000000000000000e+02, -7.500000000000000000e+01, nan, nan
-1.650000000000000000e+02, -7.500000000000000000e+01, nan, nan
-1.550000000000000000e+02, -7.500000000000000000e+01, nan, nan
-1.450000000000000000e+02, -7.500000000000000000e+01, nan, nan
-1.350000000000000000e+02, -7.500000000000000000e+01, nan, nan
-1.250000000000000000e+02, -7.500000000000000000e+01, nan, nan
-1.150000000000000000e+02, -7.500000000000000000e+01, nan, nan
-1.050000000000000000e+02, -7.500000000000000000e+01, 8.775601387023925781e+00, -3.960582017898559570e-01
-9.500000000000000000e+01, -7.500000000000000000e+01, 8.692998886108398438e+00, -4.005196690559387207e-01
-8.500000000000000000e+01, -7.500000000000000000e+01, 8.652834892272949219e+00, -3.302535116672515869e-01
-7.500000000000000000e+01, -7.500000000000000000e+01, 8.513469696044921875e+00, 3.501221537590026855e-02
-6.500000000000000000e+01, -7.500000000000000000e+01, 8.809074401855468750e+00, 2.175160646438598633e-01
-5.500000000000000000e+01, -7.500000000000000000e+01, 9.327881813049316406e+00, 2.485221922397613525e-01
-4.500000000000000000e+01, -7.500000000000000000e+01, 9.859593391418457031e+00, 1.968253403902053833e-01
-3.500000000000000000e+01, -7.500000000000000000e+01, 1.030081272125244141e+01, 1.577132046222686768e-01
-2.500000000000000000e+01, -7.500000000000000000e+01, 1.055117511749267578e+01, 1.572691798210144043e-01
-1.500000000000000000e+01, -7.500000000000000000e+01, 1.063319587707519531e+01, 1.858198642730712891e-01
-5.000000000000000000e+00, -7.500000000000000000e+01, 1.055218696594238281e+01, 2.338044196367263794e-01
5.000000000000000000e+00, -7.500000000000000000e+01, 1.034949207305908203e+01, 2.883971929550170898e-01
1.500000000000000000e+01, -7.500000000000000000e+01, 1.012472629547119141e+01, 3.227971792221069336e-01
2.500000000000000000e+01, -7.500000000000000000e+01, 9.951830863952636719e+00, 3.626513481140136719e-01
3.500000000000000000e+01, -7.500000000000000000e+01, 9.826982498168945312e+00, 3.555135130882263184e-01
4.500000000000000000e+01, -7.500000000000000000e+01, 9.728355407714843750e+00, 2.691299319267272949e-01
5.500000000000000000e+01, -7.500000000000000000e+01, 9.729721069335937500e+00, 1.529085040092468262e-01
6.500000000000000000e+01, -7.500000000000000000e+01, 9.865650177001953125e+00, 6.278218328952789307e-02
7.500000000000000000e+01, -7.500000000000000000e+01, 1.008504772186279297e+01, 1.889464259147644043e-02
8.500000000000000000e+01, -7.500000000000000000e+01, 1.026105976104736328e+01, 4.044389724731445312e-02
9.500000000000000000e+01, -7.500000000000000000e+01, 1.020241641998291016e+01, 8.221852779388427734e-02
1.050000000000000000e+02, -7.500000000000000000e+01, 1.001849842071533203e+01, 8.636510372161865234e-02
1.150000000000000000e+02, -7.500000000000000000e+01, 9.860848426818847656e+00, 5.479183048009872437e-02
1.250000000000000000e+02, -7.500000000000000000e+01, 9.792991638183593750e+00, -3.535659983754158020e-02
1.350000000000000000e+02, -7.500000000000000000e+01, 9.867993354797363281e+00, -1.475134640932083130e-01
1.450000000000000000e+02, -7.500000000000000000e+01, 9.926599502563476562e+00, -2.238452732563018799e-01
1.550000000000000000e+02, -7.500000000000000000e+01, 9.962419509887695312e+00, -3.072405755519866943e-01
1.650000000000000000e+02, -7.500000000000000000e+01, 1.006124401092529297e+01, -4.043751060962677002e-01
1.750000000000000000e+02, -7.500000000000000000e+01, 1.028446292877197266e+01, -4.986375868320465088e-01
1.850000000000000000e+02, -7.500000000000000000e+01, 1.054321575164794922e+01, -5.387589335441589355e-01
1.950000000000000000e+02, -7.500000000000000000e+01, 1.063619995117187500e+01, -5.557343363761901855e-01
-1.950000000000000000e+02, -6.500000000000000000e+01, nan, nan
-1.850000000000000000e+02, -6.500000000000000000e+01, nan, nan
-1.750000000000000000e+02, -6.500000000000000000e+01, nan, nan
-1.650000000000000000e+02, -6.500000000000000000e+01, nan, nan
-1.550000000000000000e+02, -6.500000000000000000e+01, nan, nan
-1.450000000000000000e+02, -6.500000000000000000e+01, nan, nan
-1.350000000000000000e+02, -6.500000000000000000e+01, nan, nan
-1.250000000000000000e+02, -6.500000000000000000e+01, nan, nan
-1.150000000000000000e+02, -6.500000000000000000e+01, nan, nan
-1.050000000000000000e+02, -6.500000000000000000e+01, 8.764029502868652344e+00, -3.975129425525665283e-01
-9.500000000000000000e+01, -6.500000000000000000e+01, 8.486751556396484375e+00, -4.304321408271789551e-01
-8.500000000000000000e+01, -6.500000000000000000e+01, 7.826218605041503906e+00, 1.153374314308166504e-01
-7.500000000000000000e+01, -6.500000000000000000e+01, 7.937749862670898438e+00, 2.537050247192382812e-01
-6.500000000000000000e+01, -6.500000000000000000e+01, 8.564166069030761719e+00, 9.351900219917297363e-02
-5.500000000000000000e+01, -6.500000000000000000e+01, 9.147448539733886719e+00, -4.090178012847900391e-02
-4.500000000000000000e+01, -6.500000000000000000e+01, 9.638826370239257812e+00, -1.156339719891548157e-01
-3.500000000000000000e+01, -6.500000000000000000e+01, 1.004636955261230469e+01, -1.485205888748168945e-01
-2.500000000000000000e+01, -6.500000000000000000e+01, 1.037732124328613281e+01, -1.299089342355728149e-01
-1.500000000000000000e+01, -6.500000000000000000e+01, 1.060574245452880859e+01, -6.068494915962219238e-02
-5.000000000000000000e+00, -6.500000000000000000e+01, 1.068297386169433594e+01, 4.819838702678680420e-02
5.000000000000000000e+00, -6.500000000000000000e+01, 1.065438938140869141e+01, 2.029409706592559814e-01
1.500000000000000000e+01, -6.500000000000000000e+01, 1.057713413238525391e+01, 3.675789833068847656e-01
2.500000000000000000e+01, -6.500000000000000000e+01, 1.047541141510009766e+01, 4.777974486351013184e-01
3.500000000000000000e+01, -6.500000000000000000e+01, 1.030722141265869141e+01, 4.804890453815460205e-01
4.500000000000000000e+01, -6.500000000000000000e+01, 1.010097026824951172e+01, 4.043906033039093018e-01
5.500000000000000000e+01, -6.500000000000000000e+01, 9.975914001464843750e+00, 3.148812651634216309e-01
6.500000000000000000e+01, -6.500000000000000000e+01, 1.000631237030029297e+01, 2.664101123809814453e-01
7.500000000000000000e+01, -6.500000000000000000e+01, 1.012989711761474609e+01, 2.509314119815826416e-01
8.500000000000000000e+01, -6.500000000000000000e+01, 1.023340797424316406e+01, 2.278538942337036133e-01
9.500000000000000000e+01, -6.500000000000000000e+01, 1.020042896270751953e+01, 1.782361268997192383e-01
1.050000000000000000e+02, -6.500000000000000000e+01, 1.006756305694580078e+01, 1.134928017854690552e-01
1.150000000000000000e+02, -6.500000000000000000e+01, 9.945760726928710938e+00, 2.548922412097454071e-02
1.250000000000000000e+02, -6.500000000000000000e+01, 9.885381698608398438e+00, -9.740912914276123047e-02
1.350000000000000000e+02, -6.500000000000000000e+01, 9.950641632080078125e+00, -1.857198327779769897e-01
1.450000000000000000e+02, -6.500000000000000000e+01, 9.964510917663574219e+00, -2.344941794872283936e-01
1.550000000000000000e+02, -6.500000000000000000e+01, 9.964242935180664062e+00, -3.003897964954376221e-01
1.650000000000000000e+02, -6.500000000000000000e+01, 1.004676246643066406e+01, -3.777372241020202637e-01
1.750000000000000000e+02, -6.500000000000000000e+01, 1.023610591888427734e+01, -4.474927783012390137e-01
1.850000000000000000e+02, -6.500000000000000000e+01, 1.052750015258789062e+01, -4.971077144145965576e-01
1.950000000000000000e+02, -6.500000000000000000e+01, 1.063535404205322266e+01, -5.205336213111877441e-01
-1.950000000000000000e+02, -5.500000000000000000e+01, nan, nan
-1.850000000000000000e+02, -5.500000000000000000e+01, nan, nan
-1.750000000000000000e+02, -5.500000000000000000e+01, nan, nan
-1.650000000000000000e+02, -5.500000000000000000e+01, nan, nan
-1.550000000000000000e+02, -5.500000000000000000e+01, nan, nan
-1.450000000000000000e+02, -5.500000000000000000e+01, nan, nan
-1.350000000000000000e+02, -5.500000000000000000e+01, nan, nan
-1.250000000000000000e+02, -5.500000000000000000e+01, nan, nan
-1.150000000000000000e+02, -5.500000000000000000e+01, 8.816841125488281250e+00, -3.992856740951538086e-01
-1.050000000000000000e+02, -5.500000000000000000e+01, 8.731412887573242188e+00, -3.973793685436248779e-01
-9.500000000000000000e+01, -5.500000000000000000e+01, 7.721026897430419922e+00, 1.107272505760192871e-02
-8.500000000000000000e+01, -5.500000000000000000e+01, 7.464945793151855469e+00, 2.354580760002136230e-01
-7.500000000000000000e+01, -5.500000000000000000e+01, 7.999266147613525391e+00, -1.205831766128540039e-03
-6.500000000000000000e+01, -5.500000000000000000e+01, 8.727033615112304688e+00, -2.926360964775085449e-01
-5.500000000000000000e+01, -5.500000000000000000e+01, 9.244643211364746094e+00, -4.302626848220825195e-01
-4.500000000000000000e+01, -5.500000000000000000e+01, 9.663410186767578125e+00, -4.977647662162780762e-01
-3.500000000000000000e+01, -5.500000000000000000e+01, 1.001241683959960938e+01, -5.083141326904296875e-01
-2.500000000000000000e+01, -5.500000000000000000e+01, 1.035348987579345703e+01, -4.577717185020446777e-01
-1.500000000000000000e+01, -5.500000000000000000e+01, 1.070124626159667969e+01, -3.516277074813842773e-01
-5.000000000000000000e+00, -5.500000000000000000e+01, 1.093368148803710938e+01, -1.855245232582092285e-01
5.000000000000000000e+00, -5.500000000000000000e+01, 1.103519248962402344e+01, 6.974580883979797363e-02
1.500000000000000000e+01, -5.500000000000000000e+01, 1.101543712615966797e+01, 3.786346912384033203e-01
2.500000000000000000e+01, -5.500000000000000000e+01, 1.083088970184326172e+01, 5.890937447547912598e-01
3.500000000000000000e+01, -5.500000000000000000e+01, 1.052272605895996094e+01, 6.286304593086242676e-01
4.500000000000000000e+01, -5.500000000000000000e+01, 1.024116230010986328e+01, 5.548429489135742188e-01
5.500000000000000000e+01, -5.500000000000000000e+01, 1.006590270996093750e+01, 4.680233597755432129e-01
6.500000000000000000e+01, -5.500000000000000000e+01, 1.004972171783447266e+01, 4.236441552639007568e-01
7.500000000000000000e+01, -5.500000000000000000e+01, 1.012460994720458984e+01, 3.912596702575683594e-01
8.500000000000000000e+01, -5.500000000000000000e+01, 1.018356037139892578e+01, 3.223701119422912598e-01
9.500000000000000000e+01, -5.500000000000000000e+01, 1.018714618682861328e+01, 2.297390848398208618e-01
1.050000000000000000e+02, -5.500000000000000000e+01, 1.013025569915771484e+01, 1.310298442840576172e-01
1.150000000000000000e+02, -5.500000000000000000e+01, 1.000820446014404297e+01, 1.660895161330699921e-02
1.250000000000000000e+02, -5.500000000000000000e+01, 9.846414566040039062e+00, -1.002402380108833313e-01
1.350000000000000000e+02, -5.500000000000000000e+01, 9.773204803466796875e+00, -1.656849086284637451e-01
1.450000000000000000e+02, -5.500000000000000000e+01, 9.827983856201171875e+00, -2.134436070919036865e-01
1.550000000000000000e+02, -5.500000000000000000e+01, 9.868238449096679688e+00, -2.683413028717041016e-01
1.650000000000000000e+02, -5.500000000000000000e+01, 9.961659431457519531e+00, -3.189315497875213623e-01
1.750000000000000000e+02, -5.500000000000000000e+01, 1.009273052215576172e+01, -3.818641901016235352e-01
1.850000000000000000e+02, -5.500000000000000000e+01, 1.042448902130126953e+01, -4.442780017852783203e-01
1.950000000000000000e+02, -5.500000000000000000e+01, 1.057525444030761719e+01, -4.765445291996002197e-01
-1.950000000000000000e+02, -4.500000000000000000e+01, nan, nan
-1.850000000000000000e+02, -4.500000000000000000e+01, nan, nan
-1.750000000000000000e+02, -4.500000000000000000e+01, nan, nan
-1.650000000000000000e+02, -4.500000000000000000e+01, nan, nan
-1.550000000000000000e+02, -4.500000000000000000e+01, nan, nan
-1.450000000000000000e+02, -4.500000000000000000e+01, nan, nan
-1.350000000000000000e+02, -4.500000000000000000e+01, nan, nan
-1.250000000000000000e+02, -4.500000000000000000e+01, nan, nan
-1.150000000000000000e+02, -4.500000000000000000e+01, 8.660321235656738281e+00, -4.057553708553314209e-01
-1.050000000000000000e+02, -4.500000000000000000e+01, 8.697260856628417969e+00, -3.970108628273010254e-01
-9.500000000000000000e+01, -4.500000000000000000e+01, 7.525899410247802734e+00, 1.144123375415802002e-01
-8.500000000000000000e+01, -4.500000000000000000e+01, 7.614561080932617188e+00, 1.214486360549926758e-02
-7.500000000000000000e+01, -4.500000000000000000e+01, 8.329390525817871094e+00, -4.247602224349975586e-01
-6.500000000000000000e+01, -4.500000000000000000e+01, 8.967107772827148438e+00, -7.241620421409606934e-01
-5.500000000000000000e+01, -4.500000000000000000e+01, 9.452531814575195312e+00, -8.607301712036132812e-01
-4.500000000000000000e+01, -4.500000000000000000e+01, 9.826368331909179688e+00, -9.122362732887268066e-01
-3.500000000000000000e+01, -4.500000000000000000e+01, 1.011603069305419922e+01, -8.764657974243164062e-01
-2.500000000000000000e+01, -4.500000000000000000e+01, 1.044271469116210938e+01, -7.578220367431640625e-01
-1.500000000000000000e+01, -4.500000000000000000e+01, 1.088945293426513672e+01, -5.901142954826354980e-01
-5.000000000000000000e+00, -4.500000000000000000e+01, 1.127326107025146484e+01, -3.469778299331665039e-01
5.000000000000000000e+00, -4.500000000000000000e+01, 1.136616802215576172e+01, 8.188757300376892090e-02
1.500000000000000000e+01, -4.500000000000000000e+01, 1.114667606353759766e+01, 5.841834545135498047e-01
2.500000000000000000e+01, -4.500000000000000000e+01, 1.077499580383300781e+01, 8.574576973915100098e-01
3.500000000000000000e+01, -4.500000000000000000e+01, 1.044492244720458984e+01, 9.023276567459106445e-01
4.500000000000000000e+01, -4.500000000000000000e+01, 1.018756961822509766e+01, 8.117974996566772461e-01
5.500000000000000000e+01, -4.500000000000000000e+01, 1.003576660156250000e+01, 6.841049790382385254e-01
6.500000000000000000e+01, -4.500000000000000000e+01, 1.003386783599853516e+01, 5.999667644500732422e-01
7.500000000000000000e+01, -4.500000000000000000e+01, 1.005351448059082031e+01, 5.256487727165222168e-01
8.500000000000000000e+01, -4.500000000000000000e+01, 1.006369113922119141e+01, 4.268923103809356689e-01
9.500000000000000000e+01, -4.500000000000000000e+01, 1.007066726684570312e+01, 3.154222071170806885e-01
1.050000000000000000e+02, -4.500000000000000000e+01, 1.004350376129150391e+01, 2.008707374334335327e-01
1.150000000000000000e+02, -4.500000000000000000e+01, 9.925124168395996094e+00, 6.921070814132690430e-02
1.250000000000000000e+02, -4.500000000000000000e+01, 9.755489349365234375e+00, -5.349066853523254395e-02
1.350000000000000000e+02, -4.500000000000000000e+01, 9.562783241271972656e+00, -1.371332705020904541e-01
1.450000000000000000e+02, -4.500000000000000000e+01, 9.575398445129394531e+00, -1.900699138641357422e-01
1.550000000000000000e+02, -4.500000000000000000e+01, 9.669288635253906250e+00, -2.212884873151779175e-01
1.650000000000000000e+02, -4.500000000000000000e+01, 9.722191810607910156e+00, -2.395492196083068848e-01
1.750000000000000000e+02, -4.500000000000000000e+01, 9.751462936401367188e+00, -2.982340157032012939e-01
1.850000000000000000e+02, -4.500000000000000000e+01, 1.016296958923339844e+01, -3.766858577728271484e-01
1.950000000000000000e+02, -4.500000000000000000e+01, 1.031936740875244141e+01, -4.064281582832336426e-01
-1.950000000000000000e+02, -3.500000000000000000e+01, nan, nan
-1.850000000000000000e+02, -3.500000000000000000e+01, nan, nan
-1.750000000000000000e+02, -3.500000000000000000e+01, nan, nan
-1.650000000000000000e+02, -3.500000000000000000e+01, nan, nan
-1.550000000000000000e+02, -3.500000000000000000e+01, nan, nan
-1.450000000000000000e+02, -3.500000000000000000e+01, nan, nan
-1.350000000000000000e+02, -3.500000000000000000e+01, nan, nan
-1.250000000000000000e+02, -3.500000000000000000e+01, nan, nan
-1.150000000000000000e+02, -3.500000000000000000e+01, nan, nan
-1.050000000000000000e+02, -3.500000000000000000e+01, 8.653969764709472656e+00, -3.881005346775054932e-01
-9.500000000000000000e+01, -3.500000000000000000e+01, 4.959429740905761719e+00, 7.712180614471435547e-01
-8.500000000000000000e+01, -3.500000000000000000e+01, 4.515240192413330078e+00, 6.648304462432861328e-01
-7.500000000000000000e+01, -3.500000000000000000e+01, 5.978159427642822266e+00, -2.975562214851379395e-02
-6.500000000000000000e+01, -3.500000000000000000e+01, 7.384052276611328125e+00, -6.305316686630249023e-01
-5.500000000000000000e+01, -3.500000000000000000e+01, 8.551311492919921875e+00, -1.007196187973022461e+00
-4.500000000000000000e+01, -3.500000000000000000e+01, 9.236872673034667969e+00, -1.141077280044555664e+00
-3.500000000000000000e+01, -3.500000000000000000e+01, 9.652768135070800781e+00, -1.091270685195922852e+00
-2.500000000000000000e+01, -3.500000000000000000e+01, 1.008890056610107422e+01, -9.009505510330200195e-01
-1.500000000000000000e+01, -3.500000000000000000e+01, 1.067450428009033203e+01, -6.410930752754211426e-01
-5.000000000000000000e+00, -3.500000000000000000e+01, 1.115115165710449219e+01, -2.701910138130187988e-01
5.000000000000000000e+00, -3.500000000000000000e+01, 1.117296218872070312e+01, 3.507373631000518799e-01
1.500000000000000000e+01, -3.500000000000000000e+01, 1.081768035888671875e+01, 9.464076757431030273e-01
2.500000000000000000e+01, -3.500000000000000000e+01, 1.043497657775878906e+01, 1.219962954521179199e+00
3.500000000000000000e+01, -3.500000000000000000e+01, 1.018354606628417969e+01, 1.272161602973937988e+00
4.500000000000000000e+01, -3.500000000000000000e+01, 9.978579521179199219e+00, 1.153263092041015625e+00
5.500000000000000000e+01, -3.500000000000000000e+01, 9.845398902893066406e+00, 9.607322812080383301e-01
6.500000000000000000e+01, -3.500000000000000000e+01, 9.871270179748535156e+00, 8.007726669311523438e-01
7.500000000000000000e+01, -3.500000000000000000e+01, 9.855229377746582031e+00, 6.832121610641479492e-01
8.500000000000000000e+01, -3.500000000000000000e+01, 9.790439605712890625e+00, 5.883646607398986816e-01
9.500000000000000000e+01, -3.500000000000000000e+01, 9.792053222656250000e+00, 4.669131338596343994e-01
1.050000000000000000e+02, -3.500000000000000000e+01, 9.809422492980957031e+00, 3.115068972110748291e-01
1.150000000000000000e+02, -3.500000000000000000e+01, 9.761374473571777344e+00, 1.435896307229995728e-01
1.250000000000000000e+02, -3.500000000000000000e+01, 9.701136589050292969e+00, -2.152408659458160400e-02
1.350000000000000000e+02, -3.500000000000000000e+01, 9.629915237426757812e+00, -1.814860403537750244e-01
1.450000000000000000e+02, -3.500000000000000000e+01, 9.462859153747558594e+00, -3.094726204872131348e-01
1.550000000000000000e+02, -3.500000000000000000e+01, 9.337708473205566406e+00, -3.137705326080322266e-01
1.650000000000000000e+02, -3.500000000000000000e+01, 9.248044967651367188e+00, -2.459067255258560181e-01
1.750000000000000000e+02, -3.500000000000000000e+01, 9.154453277587890625e+00, -2.421733140945434570e-01
1.850000000000000000e+02, -3.500000000000000000e+01, 9.623953819274902344e+00, -3.603069186210632324e-01
1.950000000000000000e+02, -3.500000000000000000e+01, 9.770261764526367188e+00, -3.146305680274963379e-01
-1.950000000000000000e+02, -2.500000000000000000e+01, nan, nan
-1.850000000000000000e+02, -2.500000000000000000e+01, nan, nan
-1.750000000000000000e+02, -2.500000000000000000e+01, nan, nan
-1.650000000000000000e+02, -2.500000000000000000e+01, nan, nan
-1.550000000000000000e+02, -2.500000000000000000e+01, nan, nan
-1.450000000000000000e+02, -2.500000000000000000e+01, nan, nan
-1.350000000000000000e+02, -2.500000000000000000e+01, nan, nan
-1.250000000000000000e+02, -2.500000000000000000e+01, 1.242067146301269531e+01, 2.516284465789794922e+00
-1.150000000000000000e+02, -2.500000000000000000e+01, 1.236050224304199219e+01, 2.431411743164062500e+00
-1.050000000000000000e+02, -2.500000000000000000e+01, 1.292339038848876953e+01, 1.543434381484985352e+00
-9.500000000000000000e+01, -2.500000000000000000e+01, 1.244072628021240234e+01, 7.597156763076782227e-01
-8.500000000000000000e+01, -2.500000000000000000e+01, 8.851865768432617188e+00, 1.997625827789306641e-02
-7.500000000000000000e+01, -2.500000000000000000e+01, 7.060191631317138672e+00, -3.780545294284820557e-01
-6.500000000000000000e+01, -2.500000000000000000e+01, 6.324787139892578125e+00, -5.857332944869995117e-01
-5.500000000000000000e+01, -2.500000000000000000e+01, 6.676404953002929688e+00, -8.225993514060974121e-01
-4.500000000000000000e+01, -2.500000000000000000e+01, 7.351925849914550781e+00, -1.009910345077514648e+00
-3.500000000000000000e+01, -2.500000000000000000e+01, 7.830615997314453125e+00, -9.909479618072509766e-01
-2.500000000000000000e+01, -2.500000000000000000e+01, 8.263685226440429688e+00, -7.757733464241027832e-01
-1.500000000000000000e+01, -2.500000000000000000e+01, 8.813007354736328125e+00, -4.569405913352966309e-01
-5.000000000000000000e+00, -2.500000000000000000e+01, 9.437726974487304688e+00, -3.766322135925292969e-02
5.000000000000000000e+00, -2.500000000000000000e+01, 9.829182624816894531e+00, 6.016055941581726074e-01
1.500000000000000000e+01, -2.500000000000000000e+01, 9.839260101318359375e+00, 1.268222093582153320e+00
2.500000000000000000e+01, -2.500000000000000000e+01, 9.671257019042968750e+00, 1.680635690689086914e+00
3.500000000000000000e+01, -2.500000000000000000e+01, 9.473684310913085938e+00, 1.820454955101013184e+00
4.500000000000000000e+01, -2.500000000000000000e+01, 9.176212310791015625e+00, 1.644869089126586914e+00
5.500000000000000000e+01, -2.500000000000000000e+01, 8.938617706298828125e+00, 1.390988230705261230e+00
6.500000000000000000e+01, -2.500000000000000000e+01, 8.960315704345703125e+00, 1.205096006393432617e+00
7.500000000000000000e+01, -2.500000000000000000e+01, 9.042289733886718750e+00, 1.027140140533447266e+00
8.500000000000000000e+01, -2.500000000000000000e+01, 9.060412406921386719e+00, 7.941780090332031250e-01
9.500000000000000000e+01, -2.500000000000000000e+01, 9.159503936767578125e+00, 5.528883337974548340e-01
1.050000000000000000e+02, -2.500000000000000000e+01, 9.270544052124023438e+00, 3.217379450798034668e-01
1.150000000000000000e+02, -2.500000000000000000e+01, 9.322040557861328125e+00, 1.465611159801483154e-01
1.250000000000000000e+02, -2.500000000000000000e+01, 9.436365127563476562e+00, -7.899781316518783569e-02
1.350000000000000000e+02, -2.500000000000000000e+01, 9.598450660705566406e+00, -3.570791482925415039e-01
1.450000000000000000e+02, -2.500000000000000000e+01, 9.714690208435058594e+00, -5.826308727264404297e-01
1.550000000000000000e+02, -2.500000000000000000e+01, 9.629563331604003906e+00, -6.237080097198486328e-01
1.650000000000000000e+02, -2.500000000000000000e+01, 9.463798522949218750e+00, -5.210488438606262207e-01
1.750000000000000000e+02, -2.500000000000000000e+01, 9.524068832397460938e+00, -4.702226519584655762e-01
1.850000000000000000e+02, -2.500000000000000000e+01, 9.806015968322753906e+00, -5.303708314895629883e-01
1.950000000000000000e+02, -2.500000000000000000e+01, 1.001987457275390625e+01, -4.895261526107788086e-01
-1.950000000000000000e+02, -1.500000000000000000e+01, nan, nan
-1.850000000000000000e+02, -1.500000000000000000e+01, nan, nan
-1.750000000000000000e+02, -1.500000000000000000e+01, nan, nan
-1.650000000000000000e+02, -1.500000000000000000e+01, nan, nan
-1.550000000000000000e+02, -1.500000000000000000e+01, nan, nan
-1.450000000000000000e+02, -1.500000000000000000e+01, nan, nan
-1.350000000000000000e+02, -1.500000000000000000e+01, 1.059513187408447266e+01, 2.750297784805297852e+00
-1.250000000000000000e+02, -1.500000000000000000e+01, 1.158505249023437500e+01, 2.647629261016845703e+00
-1.150000000000000000e+02, -1.500000000000000000e+01, 1.140456008911132812e+01, 2.860928297042846680e+00
-1.050000000000000000e+02, -1.500000000000000000e+01, 8.627079963684082031e+00, 2.191243648529052734e+00
-9.500000000000000000e+01, -1.500000000000000000e+01, 1.331748485565185547e+01, 1.374298334121704102e+00
-8.500000000000000000e+01, -1.500000000000000000e+01, 1.117188739776611328e+01, 7.468137145042419434e-02
-7.500000000000000000e+01, -1.500000000000000000e+01, 8.593827247619628906e+00, -5.362839698791503906e-01
-6.500000000000000000e+01, -1.500000000000000000e+01, 6.688883781433105469e+00, -7.513604164123535156e-01
-5.500000000000000000e+01, -1.500000000000000000e+01, 5.711605072021484375e+00, -7.854242324829101562e-01
-4.500000000000000000e+01, -1.500000000000000000e+01, 5.508925437927246094e+00, -8.194901943206787109e-01
-3.500000000000000000e+01, -1.500000000000000000e+01, 5.538725376129150391e+00, -7.727464437484741211e-01
-2.500000000000000000e+01, -1.500000000000000000e+01, 5.677885532379150391e+00, -6.057970523834228516e-01
-1.500000000000000000e+01, -1.500000000000000000e+01, 6.063519001007080078e+00, -3.600487411022186279e-01
-5.000000000000000000e+00, -1.500000000000000000e+01, 6.687077045440673828e+00, -4.879593849182128906e-02
5.000000000000000000e+00, -1.500000000000000000e+01, 7.280582904815673828e+00, 4.356320500373840332e-01
1.500000000000000000e+01, -1.500000000000000000e+01, 7.666262149810791016e+00, 1.079716444015502930e+00
2.500000000000000000e+01, -1.500000000000000000e+01, 7.868501663208007812e+00, 1.633846998214721680e+00
3.500000000000000000e+01, -1.500000000000000000e+01, 7.901839733123779297e+00, 1.878069877624511719e+00
4.500000000000000000e+01, -1.500000000000000000e+01, 7.714685440063476562e+00, 1.658527731895446777e+00
5.500000000000000000e+01, -1.500000000000000000e+01, 7.598682880401611328e+00, 1.422553300857543945e+00
6.500000000000000000e+01, -1.500000000000000000e+01, 7.740410804748535156e+00, 1.383757591247558594e+00
7.500000000000000000e+01, -1.500000000000000000e+01, 8.053997993469238281e+00, 1.189238548278808594e+00
8.500000000000000000e+01, -1.500000000000000000e+01, 8.313065528869628906e+00, 7.140534520149230957e-01
9.500000000000000000e+01, -1.500000000000000000e+01, 8.542141914367675781e+00, 3.232309818267822266e-01
1.050000000000000000e+02, -1.500000000000000000e+01, 8.828783988952636719e+00, 5.160450935363769531e-03
1.150000000000000000e+02, -1.500000000000000000e+01, 9.140387535095214844e+00, -1.830138862133026123e-01
1.250000000000000000e+02, -1.500000000000000000e+01, 9.342126846313476562e+00, -3.313719034194946289e-01
1.350000000000000000e+02, -1.500000000000000000e+01, 9.444849967956542969e+00, -4.990479052066802979e-01
1.450000000000000000e+02, -1.500000000000000000e+01, 9.459017753601074219e+00, -5.992386341094970703e-01
1.550000000000000000e+02, -1.500000000000000000e+01, 9.413293838500976562e+00, -5.862911939620971680e-01
1.650000000000000000e+02, -1.500000000000000000e+01, 9.266476631164550781e+00, -5.269422531127929688e-01
1.750000000000000000e+02, -1.500000000000000000e+01, 9.178595542907714844e+00, -3.701723217964172363e-01
1.850000000000000000e+02, -1.500000000000000000e+01, 9.331728935241699219e+00, -1.126852929592132568e-01
1.950000000000000000e+02, -1.500000000000000000e+01, 9.456702232360839844e+00, -3.131091594696044922e-03
-1.950000000000000000e+02, -5.000000000000000000e+00, nan, nan
-1.850000000000000000e+02, -5.000000000000000000e+00, nan, nan
-1.750000000000000000e+02, -5.000000000000000000e+00, nan, nan
-1.650000000000000000e+02, -5.000000000000000000e+00, nan, nan
-1.550000000000000000e+02, -5.000000000000000000e+00, nan, nan
-1.450000000000000000e+02, -5.000000000000000000e+00, 1.007006072998046875e+01, 2.772054672241210938e+00
-1.350000000000000000e+02, -5.000000000000000000e+00, 1.076617050170898438e+01, 2.779747724533081055e+00
-1.250000000000000000e+02, -5.000000000000000000e+00, 1.148048591613769531e+01, 3.455791473388671875e+00
-1.150000000000000000e+02, -5.000000000000000000e+00, 1.007103729248046875e+01, 2.617675304412841797e+00
-1.050000000000000000e+02, -5.000000000000000000e+00, 5.905468940734863281e+00, 1.380732417106628418e+00
-9.500000000000000000e+01, -5.000000000000000000e+00, 2.651958465576171875e+00, 5.128247737884521484e-01
-8.500000000000000000e+01, -5.000000000000000000e+00, 5.431986808776855469e+00, 2.309007495641708374e-01
-7.500000000000000000e+01, -5.000000000000000000e+00, 5.227416038513183594e+00, -2.903718054294586182e-01
-6.500000000000000000e+01, -5.000000000000000000e+00, 4.324241161346435547e+00, -5.334751605987548828e-01
-5.500000000000000000e+01, -5.000000000000000000e+00, 3.727688789367675781e+00, -5.565440058708190918e-01
-4.500000000000000000e+01, -5.000000000000000000e+00, 3.469142675399780273e+00, -5.328376293182373047e-01
-3.500000000000000000e+01, -5.000000000000000000e+00, 3.460316181182861328e+00, -5.258092880249023438e-01
-2.500000000000000000e+01, -5.000000000000000000e+00, 3.620687246322631836e+00, -5.134726762771606445e-01
-1.500000000000000000e+01, -5.000000000000000000e+00, 4.027295112609863281e+00, -4.707708358764648438e-01
-5.000000000000000000e+00, -5.000000000000000000e+00, 4.655642509460449219e+00, -4.148180484771728516e-01
5.000000000000000000e+00, -5.000000000000000000e+00, 5.381556987762451172e+00, -2.535678446292877197e-01
1.500000000000000000e+01, -5.000000000000000000e+00, 5.998169898986816406e+00, 8.002528548240661621e-02
2.500000000000000000e+01, -5.000000000000000000e+00, 6.401580810546875000e+00, 4.533031284809112549e-01
3.500000000000000000e+01, -5.000000000000000000e+00, 6.533340454101562500e+00, 7.275977134704589844e-01
4.500000000000000000e+01, -5.000000000000000000e+00, 6.505001068115234375e+00, 7.646446824073791504e-01
5.500000000000000000e+01, -5.000000000000000000e+00, 6.651765823364257812e+00, 7.078167200088500977e-01
6.500000000000000000e+01, -5.000000000000000000e+00, 6.970347881317138672e+00, 8.777019977569580078e-01
7.500000000000000000e+01, -5.000000000000000000e+00, 7.362129211425781250e+00, 8.726789951324462891e-01
8.500000000000000000e+01, -5.000000000000000000e+00, 7.807875156402587891e+00, 3.475813865661621094e-01
9.500000000000000000e+01, -5.000000000000000000e+00, 8.199095726013183594e+00, -1.107572317123413086e-01
1.050000000000000000e+02, -5.000000000000000000e+00, 8.624422073364257812e+00, -3.126546144485473633e-01
1.150000000000000000e+02, -5.000000000000000000e+00, 8.949342727661132812e+00, -4.089757204055786133e-01
1.250000000000000000e+02, -5.000000000000000000e+00, 9.067215919494628906e+00, -4.754962921142578125e-01
1.350000000000000000e+02, -5.000000000000000000e+00, 9.110533714294433594e+00, -5.301418304443359375e-01
1.450000000000000000e+02, -5.000000000000000000e+00, 9.125528335571289062e+00, -5.456583499908447266e-01
1.550000000000000000e+02, -5.000000000000000000e+00, 9.087784767150878906e+00, -4.943097233772277832e-01
1.650000000000000000e+02, -5.000000000000000000e+00, 9.006964683532714844e+00, -4.239861071109771729e-01
1.750000000000000000e+02, -5.000000000000000000e+00, 8.965497970581054688e+00, -3.335802555084228516e-01
1.850000000000000000e+02, -5.000000000000000000e+00, 9.108535766601562500e+00, -1.696890592575073242e-01
1.950000000000000000e+02, -5.000000000000000000e+00, 9.481708526611328125e+00, -6.540799140930175781e-02
-1.950000000000000000e+02, 5.000000000000000000e+00, nan, nan
-1.850000000000000000e+02, 5.000000000000000000e+00, nan, nan
-1.750000000000000000e+02, 5.000000000000000000e+00, nan, nan
-1.650000000000000000e+02, 5.000000000000000000e+00, nan, nan
-1.550000000000000000e+02, 5.000000000000000000e+00, 1.000625133514404297e+01, 2.760224580764770508e+00
-1.450000000000000000e+02, 5.000000000000000000e+00, 1.029528522491455078e+01, 2.808391571044921875e+00
-1.350000000000000000e+02, 5.000000000000000000e+00, 1.029448509216308594e+01, 3.120641946792602539e+00
-1.250000000000000000e+02, 5.000000000000000000e+00, 1.046811103820800781e+01, 4.058561325073242188e+00
-1.150000000000000000e+02, 5.000000000000000000e+00, 9.574957847595214844e+00, 2.832181453704833984e+00
-1.050000000000000000e+02, 5.000000000000000000e+00, 7.373932361602783203e+00, 1.636126995086669922e+00
-9.500000000000000000e+01, 5.000000000000000000e+00, 5.906089305877685547e+00, 7.112740278244018555e-01
-8.500000000000000000e+01, 5.000000000000000000e+00, 4.109899520874023438e+00, 2.619671821594238281e-02
-7.500000000000000000e+01, 5.000000000000000000e+00, 2.592040061950683594e+00, -2.558747231960296631e-01
-6.500000000000000000e+01, 5.000000000000000000e+00, 2.093929767608642578e+00, -3.447570204734802246e-01
-5.500000000000000000e+01, 5.000000000000000000e+00, 2.417906999588012695e+00, -4.037309288978576660e-01
-4.500000000000000000e+01, 5.000000000000000000e+00, 3.031894683837890625e+00, -4.535115063190460205e-01
-3.500000000000000000e+01, 5.000000000000000000e+00, 3.620122432708740234e+00, -5.418753027915954590e-01
-2.500000000000000000e+01, 5.000000000000000000e+00, 4.020331859588623047e+00, -6.810286045074462891e-01
-1.500000000000000000e+01, 5.000000000000000000e+00, 4.407294750213623047e+00, -8.558130264282226562e-01
-5.000000000000000000e+00, 5.000000000000000000e+00, 4.892100334167480469e+00, -1.056651234626770020e+00
5.000000000000000000e+00, 5.000000000000000000e+00, 5.427337169647216797e+00, -1.230016112327575684e+00
1.500000000000000000e+01, 5.000000000000000000e+00, 5.879580974578857422e+00, -1.223158955574035645e+00
2.500000000000000000e+01, 5.000000000000000000e+00, 6.211292266845703125e+00, -1.052213549613952637e+00
3.500000000000000000e+01, 5.000000000000000000e+00, 6.372082233428955078e+00, -7.809953689575195312e-01
4.500000000000000000e+01, 5.000000000000000000e+00, 6.474056243896484375e+00, -5.772919058799743652e-01
5.500000000000000000e+01, 5.000000000000000000e+00, 6.825513362884521484e+00, -4.698848724365234375e-01
6.500000000000000000e+01, 5.000000000000000000e+00, 7.163588523864746094e+00, -2.059814929962158203e-01
7.500000000000000000e+01, 5.000000000000000000e+00, 7.383587837219238281e+00, -6.304955482482910156e-02
8.500000000000000000e+01, 5.000000000000000000e+00, 7.719556331634521484e+00, -3.088372945785522461e-01
9.500000000000000000e+01, 5.000000000000000000e+00, 8.142001152038574219e+00, -5.551447868347167969e-01
1.050000000000000000e+02, 5.000000000000000000e+00, 8.510204315185546875e+00, -5.810512304306030273e-01
1.150000000000000000e+02, 5.000000000000000000e+00, 8.747837066650390625e+00, -6.238410472869873047e-01
1.250000000000000000e+02, 5.000000000000000000e+00, 8.912068367004394531e+00, -6.277035474777221680e-01
1.350000000000000000e+02, 5.000000000000000000e+00, 9.061299324035644531e+00, -5.859626531600952148e-01
1.450000000000000000e+02, 5.000000000000000000e+00, 9.153286933898925781e+00, -5.318050980567932129e-01
1.550000000000000000e+02, 5.000000000000000000e+00, 9.165586471557617188e+00, -4.763298034667968750e-01
1.650000000000000000e+02, 5.000000000000000000e+00, 9.145115852355957031e+00, -4.245271682739257812e-01
1.750000000000000000e+02, 5.000000000000000000e+00, 9.080081939697265625e+00, -3.903068602085113525e-01
1.850000000000000000e+02, 5.000000000000000000e+00, 9.004617691040039062e+00, -3.677725493907928467e-01
1.950000000000000000e+02, 5.000000000000000000e+00, 9.116237640380859375e+00, -2.885494232177734375e-01
-1.950000000000000000e+02, 1.500000000000000000e+01, nan, nan
-1.850000000000000000e+02, 1.500000000000000000e+01, nan, nan
-1.750000000000000000e+02, 1.500000000000000000e+01, nan, nan
-1.650000000000000000e+02, 1.500000000000000000e+01, nan, nan
-1.550000000000000000e+02, 1.500000000000000000e+01, 1.002543735504150391e+01, 2.688968181610107422e+00
-1.450000000000000000e+02, 1.500000000000000000e+01, 1.023725986480712891e+01, 2.849677324295043945e+00
-1.350000000000000000e+02, 1.500000000000000000e+01, 9.596915245056152344e+00, 3.424669981002807617e+00
-1.250000000000000000e+02, 1.500000000000000000e+01, 1.006376171112060547e+01, 4.107683181762695312e+00
-1.150000000000000000e+02, 1.500000000000000000e+01, 1.024466609954833984e+01, 3.157071352005004883e+00
-1.050000000000000000e+02, 1.500000000000000000e+01, 9.803719520568847656e+00, 2.198008537292480469e+00
-9.500000000000000000e+01, 1.500000000000000000e+01, 9.063867568969726562e+00, 1.249263882637023926e+00
-8.500000000000000000e+01, 1.500000000000000000e+01, 7.777659416198730469e+00, 3.715672492980957031e-01
-7.500000000000000000e+01, 1.500000000000000000e+01, 6.414216995239257812e+00, -1.550741791725158691e-01
-6.500000000000000000e+01, 1.500000000000000000e+01, 5.744195938110351562e+00, -4.265713095664978027e-01
-5.500000000000000000e+01, 1.500000000000000000e+01, 5.688924312591552734e+00, -5.503014326095581055e-01
-4.500000000000000000e+01, 1.500000000000000000e+01, 5.940991401672363281e+00, -5.874674320220947266e-01
-3.500000000000000000e+01, 1.500000000000000000e+01, 6.283061027526855469e+00, -6.560278534889221191e-01
-2.500000000000000000e+01, 1.500000000000000000e+01, 6.629169940948486328e+00, -8.305997252464294434e-01
-1.500000000000000000e+01, 1.500000000000000000e+01, 6.968659877777099609e+00, -1.123133420944213867e+00
-5.000000000000000000e+00, 1.500000000000000000e+01, 7.214295387268066406e+00, -1.502615213394165039e+00
5.000000000000000000e+00, 1.500000000000000000e+01, 7.420138359069824219e+00, -1.943930506706237793e+00
1.500000000000000000e+01, 1.500000000000000000e+01, 7.534688472747802734e+00, -2.221391916275024414e+00
2.500000000000000000e+01, 1.500000000000000000e+01, 7.650848388671875000e+00, -2.225004196166992188e+00
3.500000000000000000e+01, 1.500000000000000000e+01, 7.831407070159912109e+00, -2.015294075012207031e+00
4.500000000000000000e+01, 1.500000000000000000e+01, 8.065279006958007812e+00, -1.808517456054687500e+00
5.500000000000000000e+01, 1.500000000000000000e+01, 8.372526168823242188e+00, -1.650161862373352051e+00
6.500000000000000000e+01, 1.500000000000000000e+01, 8.482677459716796875e+00, -1.487095952033996582e+00
7.500000000000000000e+01, 1.500000000000000000e+01, 8.385581970214843750e+00, -1.361104846000671387e+00
8.500000000000000000e+01, 1.500000000000000000e+01, 8.355465888977050781e+00, -1.159518122673034668e+00
9.500000000000000000e+01, 1.500000000000000000e+01, 8.492552757263183594e+00, -9.559175372123718262e-01
1.050000000000000000e+02, 1.500000000000000000e+01, 8.716937065124511719e+00, -8.497835397720336914e-01
1.150000000000000000e+02, 1.500000000000000000e+01, 8.945995330810546875e+00, -8.138958215713500977e-01
1.250000000000000000e+02, 1.500000000000000000e+01, 9.178713798522949219e+00, -7.333601117134094238e-01
1.350000000000000000e+02, 1.500000000000000000e+01, 9.381095886230468750e+00, -6.360102891921997070e-01
1.450000000000000000e+02, 1.500000000000000000e+01, 9.470784187316894531e+00, -5.607159733772277832e-01
1.550000000000000000e+02, 1.500000000000000000e+01, 9.473251342773437500e+00, -5.181519985198974609e-01
1.650000000000000000e+02, 1.500000000000000000e+01, 9.441559791564941406e+00, -4.920929074287414551e-01
1.750000000000000000e+02, 1.500000000000000000e+01, 9.372075080871582031e+00, -4.786961078643798828e-01
1.850000000000000000e+02, 1.500000000000000000e+01, 9.322602272033691406e+00, -4.311784803867340088e-01
1.950000000000000000e+02, 1.500000000000000000e+01, 9.408503532409667969e+00, -2.804412245750427246e-01
-1.950000000000000000e+02, 2.500000000000000000e+01, nan, nan
-1.850000000000000000e+02, 2.500000000000000000e+01, nan, nan
-1.750000000000000000e+02, 2.500000000000000000e+01, nan, nan
-1.650000000000000000e+02, 2.500000000000000000e+01, nan, nan
-1.550000000000000000e+02, 2.500000000000000000e+01, 1.008371067047119141e+01, 2.538207769393920898e+00
-1.450000000000000000e+02, 2.500000000000000000e+01, 1.013484764099121094e+01, 2.706798553466796875e+00
-1.350000000000000000e+02, 2.500000000000000000e+01, 9.249283790588378906e+00, 3.287363529205322266e+00
-1.250000000000000000e+02, 2.500000000000000000e+01, 1.003553009033203125e+01, 3.932785749435424805e+00
-1.150000000000000000e+02, 2.500000000000000000e+01, 1.096312618255615234e+01, 3.457456827163696289e+00
-1.050000000000000000e+02, 2.500000000000000000e+01, 1.124396514892578125e+01, 2.760679244995117188e+00
-9.500000000000000000e+01, 2.500000000000000000e+01, 1.118123054504394531e+01, 1.967977881431579590e+00
-8.500000000000000000e+01, 2.500000000000000000e+01, 1.073924827575683594e+01, 1.119845390319824219e+00
-7.500000000000000000e+01, 2.500000000000000000e+01, 1.014242267608642578e+01, 3.405162394046783447e-01
-6.500000000000000000e+01, 2.500000000000000000e+01, 9.575677871704101562e+00, -2.456991672515869141e-01
-5.500000000000000000e+01, 2.500000000000000000e+01, 9.220781326293945312e+00, -4.960962533950805664e-01
-4.500000000000000000e+01, 2.500000000000000000e+01, 9.104615211486816406e+00, -5.206760168075561523e-01
-3.500000000000000000e+01, 2.500000000000000000e+01, 9.108018875122070312e+00, -5.617929697036743164e-01
-2.500000000000000000e+01, 2.500000000000000000e+01, 9.240816116333007812e+00, -7.661609649658203125e-01
-1.500000000000000000e+01, 2.500000000000000000e+01, 9.522477149963378906e+00, -1.098674297332763672e+00
-5.000000000000000000e+00, 2.500000000000000000e+01, 9.824569702148437500e+00, -1.533616065979003906e+00
5.000000000000000000e+00, 2.500000000000000000e+01, 1.003325366973876953e+01, -2.037271976470947266e+00
1.500000000000000000e+01, 2.500000000000000000e+01, 1.013147830963134766e+01, -2.418296098709106445e+00
2.500000000000000000e+01, 2.500000000000000000e+01, 1.020574951171875000e+01, -2.603038787841796875e+00
3.500000000000000000e+01, 2.500000000000000000e+01, 1.031200313568115234e+01, -2.656898021697998047e+00
4.500000000000000000e+01, 2.500000000000000000e+01, 1.046848487854003906e+01, -2.649572134017944336e+00
5.500000000000000000e+01, 2.500000000000000000e+01, 1.059917545318603516e+01, -2.613949775695800781e+00
6.500000000000000000e+01, 2.500000000000000000e+01, 1.041640377044677734e+01, -2.615867137908935547e+00
7.500000000000000000e+01, 2.500000000000000000e+01, 9.934144973754882812e+00, -2.467225551605224609e+00
8.500000000000000000e+01, 2.500000000000000000e+01, 9.579255104064941406e+00, -1.965047001838684082e+00
9.500000000000000000e+01, 2.500000000000000000e+01, 9.375652313232421875e+00, -1.377632856369018555e+00
1.050000000000000000e+02, 2.500000000000000000e+01, 9.340965270996093750e+00, -1.017694115638732910e+00
1.150000000000000000e+02, 2.500000000000000000e+01, 9.513381004333496094e+00, -8.515438437461853027e-01
1.250000000000000000e+02, 2.500000000000000000e+01, 9.718840599060058594e+00, -7.291596531867980957e-01
1.350000000000000000e+02, 2.500000000000000000e+01, 9.882242202758789062e+00, -6.465372443199157715e-01
1.450000000000000000e+02, 2.500000000000000000e+01, 9.947730064392089844e+00, -5.900353193283081055e-01
1.550000000000000000e+02, 2.500000000000000000e+01, 9.953363418579101562e+00, -5.518945455551147461e-01
1.650000000000000000e+02, 2.500000000000000000e+01, 9.940648078918457031e+00, -5.213457345962524414e-01
1.750000000000000000e+02, 2.500000000000000000e+01, 9.911300659179687500e+00, -4.908078908920288086e-01
1.850000000000000000e+02, 2.500000000000000000e+01, 9.863784790039062500e+00, -4.379413425922393799e-01
1.950000000000000000e+02, 2.500000000000000000e+01, 9.908803939819335938e+00, -2.674224972724914551e-01
-1.950000000000000000e+02, 3.500000000000000000e+01, nan, nan
-1.850000000000000000e+02, 3.500000000000000000e+01, nan, nan
-1.750000000000000000e+02, 3.500000000000000000e+01, nan, nan
-1.650000000000000000e+02, 3.500000000000000000e+01, nan, nan
-1.550000000000000000e+02, 3.500000000000000000e+01, 1.010546207427978516e+01, 2.391758918762207031e+00
-1.450000000000000000e+02, 3.500000000000000000e+01, 1.009530830383300781e+01, 2.460670471191406250e+00
-1.350000000000000000e+02, 3.500000000000000000e+01, 9.250177383422851562e+00, 2.914880752563476562e+00
-1.250000000000000000e+02, 3.500000000000000000e+01, 9.973333358764648438e+00, 3.376946687698364258e+00
-1.150000000000000000e+02, 3.500000000000000000e+01, 1.122321128845214844e+01, 3.455643892288208008e+00
-1.050000000000000000e+02, 3.500000000000000000e+01, 1.196968460083007812e+01, 3.036736249923706055e+00
-9.500000000000000000e+01, 3.500000000000000000e+01, 1.240148448944091797e+01, 2.487645149230957031e+00
-8.500000000000000000e+01, 3.500000000000000000e+01, 1.257785797119140625e+01, 1.863172531127929688e+00
-7.500000000000000000e+01, 3.500000000000000000e+01, 1.252657699584960938e+01, 1.150204658508300781e+00
-6.500000000000000000e+01, 3.500000000000000000e+01, 1.215932559967041016e+01, 4.598071575164794922e-01
-5.500000000000000000e+01, 3.500000000000000000e+01, 1.175562477111816406e+01, 5.587399005889892578e-02
-4.500000000000000000e+01, 3.500000000000000000e+01, 1.156708145141601562e+01, -8.997923135757446289e-02
-3.500000000000000000e+01, 3.500000000000000000e+01, 1.146367073059082031e+01, -2.401598691940307617e-01
-2.500000000000000000e+01, 3.500000000000000000e+01, 1.147854328155517578e+01, -5.143723487854003906e-01
-1.500000000000000000e+01, 3.500000000000000000e+01, 1.168262481689453125e+01, -8.660641312599182129e-01
-5.000000000000000000e+00, 3.500000000000000000e+01, 1.199518775939941406e+01, -1.265258431434631348e+00
5.000000000000000000e+00, 3.500000000000000000e+01, 1.225353431701660156e+01, -1.682305574417114258e+00
1.500000000000000000e+01, 3.500000000000000000e+01, 1.247974586486816406e+01, -2.014024972915649414e+00
2.500000000000000000e+01, 3.500000000000000000e+01, 1.272105979919433594e+01, -2.311743259429931641e+00
3.500000000000000000e+01, 3.500000000000000000e+01, 1.289905738830566406e+01, -2.691009283065795898e+00
4.500000000000000000e+01, 3.500000000000000000e+01, 1.306768608093261719e+01, -3.060926675796508789e+00
5.500000000000000000e+01, 3.500000000000000000e+01, 1.310222339630126953e+01, -3.364026784896850586e+00
6.500000000000000000e+01, 3.500000000000000000e+01, 1.259400463104248047e+01, -3.578473091125488281e+00
7.500000000000000000e+01, 3.500000000000000000e+01, 1.171259689331054688e+01, -3.251009464263916016e+00
8.500000000000000000e+01, 3.500000000000000000e+01, 1.113315105438232422e+01, -2.559919834136962891e+00
9.500000000000000000e+01, 3.500000000000000000e+01, 1.069036483764648438e+01, -1.598562240600585938e+00
1.050000000000000000e+02, 3.500000000000000000e+01, 1.030899238586425781e+01, -8.736398816108703613e-01
1.150000000000000000e+02, 3.500000000000000000e+01, 1.026845645904541016e+01, -6.402335166931152344e-01
1.250000000000000000e+02, 3.500000000000000000e+01, 1.031137561798095703e+01, -5.667154788970947266e-01
1.350000000000000000e+02, 3.500000000000000000e+01, 1.041237640380859375e+01, -5.476192235946655273e-01
1.450000000000000000e+02, 3.500000000000000000e+01, 1.048938846588134766e+01, -5.351183414459228516e-01
1.550000000000000000e+02, 3.500000000000000000e+01, 1.051424312591552734e+01, -5.224133729934692383e-01
1.650000000000000000e+02, 3.500000000000000000e+01, 1.050418663024902344e+01, -5.234235525131225586e-01
1.750000000000000000e+02, 3.500000000000000000e+01, 1.044044780731201172e+01, -5.267142057418823242e-01
1.850000000000000000e+02, 3.500000000000000000e+01, 1.036650371551513672e+01, -4.694771468639373779e-01
1.950000000000000000e+02, 3.500000000000000000e+01, 1.036457157135009766e+01, -2.572457492351531982e-01
-1.950000000000000000e+02, 4.500000000000000000e+01, nan, nan
-1.850000000000000000e+02, 4.500000000000000000e+01, nan, nan
-1.750000000000000000e+02, 4.500000000000000000e+01, nan, nan
-1.650000000000000000e+02, 4.500000000000000000e+01, nan, nan
-1.550000000000000000e+02, 4.500000000000000000e+01, 1.014789390563964844e+01, 2.234169721603393555e+00
-1.450000000000000000e+02, 4.500000000000000000e+01, 1.011729526519775391e+01, 2.261032819747924805e+00
-1.350000000000000000e+02, 4.500000000000000000e+01, 9.529062271118164062e+00, 2.466073513031005859e+00
-1.250000000000000000e+02, 4.500000000000000000e+01, 9.760300636291503906e+00, 2.382936954498291016e+00
-1.150000000000000000e+02, 4.500000000000000000e+01, 1.101048374176025391e+01, 2.848570823669433594e+00
-1.050000000000000000e+02, 4.500000000000000000e+01, 1.233004283905029297e+01, 3.063260555267333984e+00
-9.500000000000000000e+01, 4.500000000000000000e+01, 1.295446681976318359e+01, 2.780900001525878906e+00
-8.500000000000000000e+01, 4.500000000000000000e+01, 1.336498165130615234e+01, 2.469126939773559570e+00
-7.500000000000000000e+01, 4.500000000000000000e+01, 1.356868457794189453e+01, 1.988997936248779297e+00
-6.500000000000000000e+01, 4.500000000000000000e+01, 1.337460613250732422e+01, 1.332850098609924316e+00
-5.500000000000000000e+01, 4.500000000000000000e+01, 1.303003025054931641e+01, 8.155536055564880371e-01
-4.500000000000000000e+01, 4.500000000000000000e+01, 1.288200283050537109e+01, 4.897927045822143555e-01
-3.500000000000000000e+01, 4.500000000000000000e+01, 1.281907749176025391e+01, 1.973925232887268066e-01
-2.500000000000000000e+01, 4.500000000000000000e+01, 1.285587787628173828e+01, -1.364623010158538818e-01
-1.500000000000000000e+01, 4.500000000000000000e+01, 1.304449272155761719e+01, -4.773094654083251953e-01
-5.000000000000000000e+00, 4.500000000000000000e+01, 1.338370323181152344e+01, -8.145847916603088379e-01
5.000000000000000000e+00, 4.500000000000000000e+01, 1.373930835723876953e+01, -1.117698907852172852e+00
1.500000000000000000e+01, 4.500000000000000000e+01, 1.417436027526855469e+01, -1.336677551269531250e+00
2.500000000000000000e+01, 4.500000000000000000e+01, 1.471234703063964844e+01, -1.599511265754699707e+00
3.500000000000000000e+01, 4.500000000000000000e+01, 1.518846893310546875e+01, -2.229007244110107422e+00
4.500000000000000000e+01, 4.500000000000000000e+01, 1.529012489318847656e+01, -2.913560152053833008e+00
5.500000000000000000e+01, 4.500000000000000000e+01, 1.506748390197753906e+01, -3.513051509857177734e+00
6.500000000000000000e+01, 4.500000000000000000e+01, 1.414723968505859375e+01, -3.710728645324707031e+00
7.500000000000000000e+01, 4.500000000000000000e+01, 1.272941017150878906e+01, -3.327255964279174805e+00
8.500000000000000000e+01, 4.500000000000000000e+01, 1.216637420654296875e+01, -2.562392950057983398e+00
9.500000000000000000e+01, 4.500000000000000000e+01, 1.144537353515625000e+01, -1.446353197097778320e+00
1.050000000000000000e+02, 4.500000000000000000e+01, 1.086261081695556641e+01, -6.364398002624511719e-01
1.150000000000000000e+02, 4.500000000000000000e+01, 1.070474910736083984e+01, -4.120904803276062012e-01
1.250000000000000000e+02, 4.500000000000000000e+01, 1.070037078857421875e+01, -4.584242403507232666e-01
1.350000000000000000e+02, 4.500000000000000000e+01, 1.082561016082763672e+01, -4.897329211235046387e-01
1.450000000000000000e+02, 4.500000000000000000e+01, 1.096789836883544922e+01, -5.161921977996826172e-01
1.550000000000000000e+02, 4.500000000000000000e+01, 1.102357101440429688e+01, -5.600796937942504883e-01
1.650000000000000000e+02, 4.500000000000000000e+01, 1.098293590545654297e+01, -6.090801358222961426e-01
1.750000000000000000e+02, 4.500000000000000000e+01, 1.085601139068603516e+01, -6.017915010452270508e-01
1.850000000000000000e+02, 4.500000000000000000e+01, 1.078439044952392578e+01, -4.686666727066040039e-01
1.950000000000000000e+02, 4.500000000000000000e+01, 1.056390380859375000e+01, -3.024496436119079590e-01
-1.950000000000000000e+02, 5.500000000000000000e+01, nan, nan
-1.850000000000000000e+02, 5.500000000000000000e+01, nan, nan
-1.750000000000000000e+02, 5.500000000000000000e+01, nan, nan
-1.650000000000000000e+02, 5.500000000000000000e+01, nan, nan
-1.550000000000000000e+02, 5.500000000000000000e+01, 1.016707992553710938e+01, 2.162913322448730469e+00
-1.450000000000000000e+02, 5.500000000000000000e+01, 1.020609378814697266e+01, 2.195035934448242188e+00
-1.350000000000000000e+02, 5.500000000000000000e+01, 9.939277648925781250e+00, 2.193238973617553711e+00
-1.250000000000000000e+02, 5.500000000000000000e+01, 9.932978630065917969e+00, 1.930410385131835938e+00
-1.150000000000000000e+02, 5.500000000000000000e+01, 1.060399723052978516e+01, 1.526645898818969727e+00
-1.050000000000000000e+02, 5.500000000000000000e+01, 1.170338249206542969e+01, 1.965668797492980957e+00
-9.500000000000000000e+01, 5.500000000000000000e+01, 1.285275650024414062e+01, 2.436351537704467773e+00
-8.500000000000000000e+01, 5.500000000000000000e+01, 1.336080932617187500e+01, 2.804320335388183594e+00
-7.500000000000000000e+01, 5.500000000000000000e+01, 1.374024486541748047e+01, 2.687242031097412109e+00
-6.500000000000000000e+01, 5.500000000000000000e+01, 1.375516319274902344e+01, 2.074002981185913086e+00
-5.500000000000000000e+01, 5.500000000000000000e+01, 1.342795181274414062e+01, 1.512920379638671875e+00
-4.500000000000000000e+01, 5.500000000000000000e+01, 1.332179355621337891e+01, 1.078655242919921875e+00
-3.500000000000000000e+01, 5.500000000000000000e+01, 1.328244018554687500e+01, 6.546857953071594238e-01
-2.500000000000000000e+01, 5.500000000000000000e+01, 1.327942848205566406e+01, 2.443697750568389893e-01
-1.500000000000000000e+01, 5.500000000000000000e+01, 1.345356369018554688e+01, -8.881598711013793945e-02
-5.000000000000000000e+00, 5.500000000000000000e+01, 1.388618564605712891e+01, -3.321098089218139648e-01
5.000000000000000000e+00, 5.500000000000000000e+01, 1.431450080871582031e+01, -4.638977050781250000e-01
1.500000000000000000e+01, 5.500000000000000000e+01, 1.462656021118164062e+01, -4.764043092727661133e-01
2.500000000000000000e+01, 5.500000000000000000e+01, 1.516688919067382812e+01, -4.698214530944824219e-01
3.500000000000000000e+01, 5.500000000000000000e+01, 1.533296012878417969e+01, -8.759005069732666016e-01
4.500000000000000000e+01, 5.500000000000000000e+01, 1.416862964630126953e+01, -1.528182506561279297e+00
5.500000000000000000e+01, 5.500000000000000000e+01, 1.236062240600585938e+01, -2.144066810607910156e+00
6.500000000000000000e+01, 5.500000000000000000e+01, 1.062840652465820312e+01, -2.323239326477050781e+00
7.500000000000000000e+01, 5.500000000000000000e+01, 1.052909374237060547e+01, -1.980598330497741699e+00
8.500000000000000000e+01, 5.500000000000000000e+01, 1.083808326721191406e+01, -1.599445343017578125e+00
9.500000000000000000e+01, 5.500000000000000000e+01, 1.056305599212646484e+01, -1.122684955596923828e+00
1.050000000000000000e+02, 5.500000000000000000e+01, 1.070091629028320312e+01, -6.164633631706237793e-01
1.150000000000000000e+02, 5.500000000000000000e+01, 1.071838665008544922e+01, -3.576552867889404297e-01
1.250000000000000000e+02, 5.500000000000000000e+01, 1.073327064514160156e+01, -4.466481506824493408e-01
1.350000000000000000e+02, 5.500000000000000000e+01, 1.089797019958496094e+01, -5.209392309188842773e-01
1.450000000000000000e+02, 5.500000000000000000e+01, 1.111670780181884766e+01, -5.839154720306396484e-01
1.550000000000000000e+02, 5.500000000000000000e+01, 1.131039428710937500e+01, -6.909390091896057129e-01
1.650000000000000000e+02, 5.500000000000000000e+01, 1.122702884674072266e+01, -7.168231010437011719e-01
1.750000000000000000e+02, 5.500000000000000000e+01, 1.104335975646972656e+01, -6.416353583335876465e-01
1.850000000000000000e+02, 5.500000000000000000e+01, 1.077801799774169922e+01, -4.962193071842193604e-01
1.950000000000000000e+02, 5.500000000000000000e+01, 1.022790908813476562e+01, -5.121318101882934570e-01
-1.950000000000000000e+02, 6.500000000000000000e+01, nan, nan
-1.850000000000000000e+02, 6.500000000000000000e+01, nan, nan
-1.750000000000000000e+02, 6.500000000000000000e+01, nan, nan
-1.650000000000000000e+02, 6.500000000000000000e+01, nan, nan
-1.550000000000000000e+02, 6.500000000000000000e+01, nan, nan
-1.450000000000000000e+02, 6.500000000000000000e+01, 1.016707992553710938e+01, 2.162913322448730469e+00
-1.350000000000000000e+02, 6.500000000000000000e+01, 1.027681064605712891e+01, 2.193447828292846680e+00
-1.250000000000000000e+02, 6.500000000000000000e+01, 1.015502643585205078e+01, 2.084102869033813477e+00
-1.150000000000000000e+02, 6.500000000000000000e+01, 1.062713909149169922e+01, 1.452892541885375977e+00
-1.050000000000000000e+02, 6.500000000000000000e+01, 1.137421607971191406e+01, 7.900078296661376953e-01
-9.500000000000000000e+01, 6.500000000000000000e+01, 1.173282814025878906e+01, 6.413418054580688477e-01
-8.500000000000000000e+01, 6.500000000000000000e+01, 1.194896125793457031e+01, 1.432350754737854004e+00
-7.500000000000000000e+01, 6.500000000000000000e+01, 1.293418407440185547e+01, 2.278272151947021484e+00
-6.500000000000000000e+01, 6.500000000000000000e+01, 1.351328086853027344e+01, 2.284268856048583984e+00
-5.500000000000000000e+01, 6.500000000000000000e+01, 1.363000297546386719e+01, 1.951317906379699707e+00
-4.500000000000000000e+01, 6.500000000000000000e+01, 1.353403854370117188e+01, 1.500021815299987793e+00
-3.500000000000000000e+01, 6.500000000000000000e+01, 1.315031242370605469e+01, 9.393874406814575195e-01
-2.500000000000000000e+01, 6.500000000000000000e+01, 1.255178356170654297e+01, 3.709342181682586670e-01
-1.500000000000000000e+01, 6.500000000000000000e+01, 1.215675640106201172e+01, 5.396501719951629639e-02
-5.000000000000000000e+00, 6.500000000000000000e+01, 1.224892425537109375e+01, -3.820532560348510742e-02
5.000000000000000000e+00, 6.500000000000000000e+01, 1.241294097900390625e+01, -2.663395702838897705e-01
1.500000000000000000e+01, 6.500000000000000000e+01, 1.247712612152099609e+01, -5.418704748153686523e-01
2.500000000000000000e+01, 6.500000000000000000e+01, 1.268097496032714844e+01, -8.165177106857299805e-01
3.500000000000000000e+01, 6.500000000000000000e+01, 1.204036808013916016e+01, -1.434427022933959961e+00
4.500000000000000000e+01, 6.500000000000000000e+01, 1.109322643280029297e+01, -2.014234066009521484e+00
5.500000000000000000e+01, 6.500000000000000000e+01, 1.023525428771972656e+01, -2.343586921691894531e+00
6.500000000000000000e+01, 6.500000000000000000e+01, 1.013896274566650391e+01, -2.313637018203735352e+00
7.500000000000000000e+01, 6.500000000000000000e+01, 1.005208873748779297e+01, -2.189716339111328125e+00
8.500000000000000000e+01, 6.500000000000000000e+01, 9.725222587585449219e+00, -1.106168150901794434e+00
9.500000000000000000e+01, 6.500000000000000000e+01, 9.710595130920410156e+00, -9.998611807823181152e-01
1.050000000000000000e+02, 6.500000000000000000e+01, 9.711572647094726562e+00, -9.056202173233032227e-01
1.150000000000000000e+02, 6.500000000000000000e+01, 9.693722724914550781e+00, -7.564435005187988281e-01
1.250000000000000000e+02, 6.500000000000000000e+01, 9.963321685791015625e+00, -7.583307027816772461e-01
1.350000000000000000e+02, 6.500000000000000000e+01, 1.022960376739501953e+01, -6.754829883575439453e-01
1.450000000000000000e+02, 6.500000000000000000e+01, 1.049780464172363281e+01, -7.430323958396911621e-01
1.550000000000000000e+02, 6.500000000000000000e+01, 1.065370368957519531e+01, -8.097887039184570312e-01
1.650000000000000000e+02, 6.500000000000000000e+01, 1.062502956390380859e+01, -7.366986274719238281e-01
1.750000000000000000e+02, 6.500000000000000000e+01, 1.047797679901123047e+01, -6.536344885826110840e-01
1.850000000000000000e+02, 6.500000000000000000e+01, 1.032043170928955078e+01, -6.544259190559387207e-01
1.950000000000000000e+02, 6.500000000000000000e+01, 1.032157707214355469e+01, -6.683955192565917969e-01
-1.950000000000000000e+02, 7.500000000000000000e+01, nan, nan
-1.850000000000000000e+02, 7.500000000000000000e+01, nan, nan
-1.750000000000000000e+02, 7.500000000000000000e+01, nan, nan
-1.650000000000000000e+02, 7.500000000000000000e+01, nan, nan
-1.550000000000000000e+02, 7.500000000000000000e+01, nan, nan
-1.450000000000000000e+02, 7.500000000000000000e+01, nan, nan
-1.350000000000000000e+02, 7.500000000000000000e+01, 1.016707992553710938e+01, 2.162913322448730469e+00
-1.250000000000000000e+02, 7.500000000000000000e+01, 1.038931369781494141e+01, 2.236590623855590820e+00
-1.150000000000000000e+02, 7.500000000000000000e+01, 1.071274948120117188e+01, 2.114456892013549805e+00
-1.050000000000000000e+02, 7.500000000000000000e+01, 1.122360229492187500e+01, 1.829903244972229004e+00
-9.500000000000000000e+01, 7.500000000000000000e+01, 1.176883602142333984e+01, 1.527013897895812988e+00
-8.500000000000000000e+01, 7.500000000000000000e+01, 1.201301956176757812e+01, 1.350497484207153320e+00
-7.500000000000000000e+01, 7.500000000000000000e+01, 1.277985382080078125e+01, 1.060226440429687500e+00
-6.500000000000000000e+01, 7.500000000000000000e+01, 1.289334869384765625e+01, 1.072675228118896484e+00
-5.500000000000000000e+01, 7.500000000000000000e+01, 1.308800697326660156e+01, 9.795864820480346680e-01
-4.500000000000000000e+01, 7.500000000000000000e+01, 1.309982967376708984e+01, 8.538354635238647461e-01
-3.500000000000000000e+01, 7.500000000000000000e+01, 1.261351680755615234e+01, 6.279791593551635742e-01
-2.500000000000000000e+01, 7.500000000000000000e+01, 1.201228046417236328e+01, 3.310914933681488037e-01
-1.500000000000000000e+01, 7.500000000000000000e+01, 1.161808681488037109e+01, 5.668230354785919189e-02
-5.000000000000000000e+00, 7.500000000000000000e+01, 1.146495437622070312e+01, -3.448454439640045166e-01
5.000000000000000000e+00, 7.500000000000000000e+01, 1.148158073425292969e+01, -9.614803194999694824e-01
1.500000000000000000e+01, 7.500000000000000000e+01, 1.172371387481689453e+01, -1.425346255302429199e+00
2.500000000000000000e+01, 7.500000000000000000e+01, 1.192205047607421875e+01, -1.872367978096008301e+00
3.500000000000000000e+01, 7.500000000000000000e+01, 1.185341167449951172e+01, -1.960741281509399414e+00
4.500000000000000000e+01, 7.500000000000000000e+01, 1.111428737640380859e+01, -2.229565143585205078e+00
5.500000000000000000e+01, 7.500000000000000000e+01, 1.009469032287597656e+01, -2.273467540740966797e+00
6.500000000000000000e+01, 7.500000000000000000e+01, nan, nan
7.500000000000000000e+01, 7.500000000000000000e+01, nan, nan
8.500000000000000000e+01, 7.500000000000000000e+01, nan, nan
9.500000000000000000e+01, 7.500000000000000000e+01, nan, nan
1.050000000000000000e+02, 7.500000000000000000e+01, 9.699787139892578125e+00, -1.032088041305541992e+00
1.150000000000000000e+02, 7.500000000000000000e+01, 9.744523048400878906e+00, -8.393215537071228027e-01
1.250000000000000000e+02, 7.500000000000000000e+01, 9.443711280822753906e+00, -1.453019380569458008e-01
1.350000000000000000e+02, 7.500000000000000000e+01, 1.031350421905517578e+01, -8.569127917289733887e-01
1.450000000000000000e+02, 7.500000000000000000e+01, 1.031449890136718750e+01, -8.180115222930908203e-01
1.550000000000000000e+02, 7.500000000000000000e+01, 1.031765556335449219e+01, -7.826530933380126953e-01
1.650000000000000000e+02, 7.500000000000000000e+01, 1.031919288635253906e+01, -7.378704547882080078e-01
1.750000000000000000e+02, 7.500000000000000000e+01, 1.032042980194091797e+01, -7.018355131149291992e-01
1.850000000000000000e+02, 7.500000000000000000e+01, 1.032157707214355469e+01, -6.683955192565917969e-01
1.950000000000000000e+02, 7.500000000000000000e+01, nan, nan
-1.950000000000000000e+02, 8.500000000000000000e+01, nan, nan
-1.850000000000000000e+02, 8.500000000000000000e+01, nan, nan
-1.750000000000000000e+02, 8.500000000000000000e+01, nan, nan
-1.650000000000000000e+02, 8.500000000000000000e+01, nan, nan
-1.550000000000000000e+02, 8.500000000000000000e+01, nan, nan
-1.450000000000000000e+02, 8.500000000000000000e+01, nan, nan
-1.350000000000000000e+02, 8.500000000000000000e+01, nan, nan
-1.250000000000000000e+02, 8.500000000000000000e+01, nan, nan
-1.150000000000000000e+02, 8.500000000000000000e+01, nan, nan
-1.050000000000000000e+02, 8.500000000000000000e+01, nan, nan
-9.500000000000000000e+01, 8.500000000000000000e+01, nan, nan
-8.500000000000000000e+01, 8.500000000000000000e+01, nan, nan
-7.500000000000000000e+01, 8.500000000000000000e+01, 1.275183963775634766e+01, 4.645141363143920898e-01
-6.500000000000000000e+01, 8.500000000000000000e+01, 1.275541782379150391e+01, 5.537100434303283691e-01
-5.500000000000000000e+01, 8.500000000000000000e+01, 1.273254013061523438e+01, 5.133140683174133301e-01
-4.500000000000000000e+01, 8.500000000000000000e+01, 1.265020847320556641e+01, 3.718722164630889893e-01
-3.500000000000000000e+01, 8.500000000000000000e+01, 1.249647331237792969e+01, 1.308490931987762451e-01
-2.500000000000000000e+01, 8.500000000000000000e+01, 1.231536197662353516e+01, -1.287970095872879028e-01
-1.500000000000000000e+01, 8.500000000000000000e+01, 1.215536689758300781e+01, -3.357977271080017090e-01
-5.000000000000000000e+00, 8.500000000000000000e+01, 1.205380153656005859e+01, -4.480656087398529053e-01
5.000000000000000000e+00, 8.500000000000000000e+01, 1.202679920196533203e+01, -5.020893216133117676e-01
1.500000000000000000e+01, 8.500000000000000000e+01, 1.202525329589843750e+01, -1.099843502044677734e+00
2.500000000000000000e+01, 8.500000000000000000e+01, nan, nan
3.500000000000000000e+01, 8.500000000000000000e+01, nan, nan
4.500000000000000000e+01, 8.500000000000000000e+01, nan, nan
5.500000000000000000e+01, 8.500000000000000000e+01, nan, nan
6.500000000000000000e+01, 8.500000000000000000e+01, nan, nan
7.500000000000000000e+01, 8.500000000000000000e+01, nan, nan
8.500000000000000000e+01, 8.500000000000000000e+01, nan, nan
9.500000000000000000e+01, 8.500000000000000000e+01, nan, nan
1.050000000000000000e+02, 8.500000000000000000e+01, nan, nan
1.150000000000000000e+02, 8.500000000000000000e+01, nan, nan
1.250000000000000000e+02, 8.500000000000000000e+01, nan, nan
1.350000000000000000e+02, 8.500000000000000000e+01, nan, nan
1.450000000000000000e+02, 8.500000000000000000e+01, nan, nan
1.550000000000000000e+02, 8.500000000000000000e+01, nan, nan
1.650000000000000000e+02, 8.500000000000000000e+01, nan, nan
1.750000000000000000e+02, 8.500000000000000000e+01, nan, nan
1.850000000000000000e+02, 8.500000000000000000e+01, nan, nan
1.950000000000000000e+02, 8.500000000000000000e+01, nan, nan
-1.950000000000000000e+02, 9.500000000000000000e+01, nan, nan
-1.850000000000000000e+02, 9.500000000000000000e+01, nan, nan
-1.750000000000000000e+02, 9.500000000000000000e+01, nan, nan
-1.650000000000000000e+02, 9.500000000000000000e+01, nan, nan
-1.550000000000000000e+02, 9.500000000000000000e+01, nan, nan
-1.450000000000000000e+02, 9.500000000000000000e+01, nan, nan
-1.350000000000000000e+02, 9.500000000000000000e+01, nan, nan
-1.250000000000000000e+02, 9.500000000000000000e+01, nan, nan
-1.150000000000000000e+02, 9.500000000000000000e+01, nan, nan
-1.050000000000000000e+02, 9.500000000000000000e+01, nan, nan
-9.500000000000000000e+01, 9.500000000000000000e+01, nan, nan
-8.500000000000000000e+01, 9.500000000000000000e+01, nan, nan
-7.500000000000000000e+01, 9.500000000000000000e+01, nan, nan
-6.500000000000000000e+01, 9.500000000000000000e+01, nan, nan
-5.500000000000000000e+01, 9.500000000000000000e+01, nan, nan
-4.500000000000000000e+01, 9.500000000000000000e+01, 1.275183963775634766e+01, 4.645141363143920898e-01
-3.500000000000000000e+01, 9.500000000000000000e+01, 1.245671367645263672e+01, 3.304291516542434692e-02
-2.500000000000000000e+01, 9.500000000000000000e+01, 1.240236282348632812e+01, -8.335848897695541382e-02
-1.500000000000000000e+01, 9.500000000000000000e+01, 1.216785049438476562e+01, -2.404676228761672974e-01
-5.000000000000000000e+00, 9.500000000000000000e+01, nan, nan
5.000000000000000000e+00, 9.500000000000000000e+01, nan, nan
1.500000000000000000e+01, 9.500000000000000000e+01, nan, nan
2.500000000000000000e+01, 9.500000000000000000e+01, nan, nan
3.500000000000000000e+01, 9.500000000000000000e+01, nan, nan
4.500000000000000000e+01, 9.500000000000000000e+01, nan, nan
5.500000000000000000e+01, 9.500000000000000000e+01, nan, nan
6.500000000000000000e+01, 9.500000000000000000e+01, nan, nan
7.500000000000000000e+01, 9.500000000000000000e+01, nan, nan
8.500000000000000000e+01, 9.500000000000000000e+01, nan, nan
9.500000000000000000e+01, 9.500000000000000000e+01, nan, nan
1.050000000000000000e+02, 9.500000000000000000e+01, nan, nan
1.150000000000000000e+02, 9.500000000000000000e+01, nan, nan
1.250000000000000000e+02, 9.500000000000000000e+01, nan, nan
1.350000000000000000e+02, 9.500000000000000000e+01, nan, nan
1.450000000000000000e+02, 9.500000000000000000e+01, nan, nan
1.550000000000000000e+02, 9.500000000000000000e+01, nan, nan
1.650000000000000000e+02, 9.500000000000000000e+01, nan, nan
1.750000000000000000e+02, 9.500000000000000000e+01, nan, nan
1.850000000000000000e+02, 9.500000000000000000e+01, nan, nan
1.950000000000000000e+02, 9.500000000000000000e+01, nan, nan
