x [mm], y [mm], u [m/s], v [m/s]
-1.950000000000000000e+02, -9.500000000000000000e+01, nan, nan
-1.850000000000000000e+02, -9.500000000000000000e+01, nan, nan
-1.750000000000000000e+02, -9.500000000000000000e+01, nan, nan
-1.650000000000000000e+02, -9.500000000000000000e+01, nan, nan
-1.550000000000000000e+02, -9.500000000000000000e+01, nan, nan
-1.450000000000000000e+02, -9.500000000000000000e+01, nan, nan
-1.350000000000000000e+02, -9.500000000000000000e+01, nan, nan
-1.250000000000000000e+02, -9.500000000000000000e+01, nan, nan
-1.150000000000000000e+02, -9.500000000000000000e+01, nan, nan
-1.050000000000000000e+02, -9.500000000000000000e+01, nan, nan
-9.500000000000000000e+01, -9.500000000000000000e+01, nan, nan
-8.500000000000000000e+01, -9.500000000000000000e+01, nan, nan
-7.500000000000000000e+01, -9.500000000000000000e+01, 1.017253971099853516e+01, -8.243656754493713379e-01
-6.500000000000000000e+01, -9.500000000000000000e+01, nan, nan
-5.500000000000000000e+01, -9.500000000000000000e+01, nan, nan
-4.500000000000000000e+01, -9.500000000000000000e+01, nan, nan
-3.500000000000000000e+01, -9.500000000000000000e+01, 1.038946151733398438e+01, -7.987146377563476562e-01
-2.500000000000000000e+01, -9.500000000000000000e+01, 1.057273864746093750e+01, -1.006711840629577637e+00
-1.500000000000000000e+01, -9.500000000000000000e+01, 1.054607009887695312e+01, -9.870784282684326172e-01
-5.000000000000000000e+00, -9.500000000000000000e+01, 1.025812435150146484e+01, 4.151007533073425293e-01
5.000000000000000000e+00, -9.500000000000000000e+01, 1.022265052795410156e+01, 3.599539399147033691e-01
1.500000000000000000e+01, -9.500000000000000000e+01, 1.018592739105224609e+01, 3.195108175277709961e-01
2.500000000000000000e+01, -9.500000000000000000e+01, 1.014988136291503906e+01, 2.723865211009979248e-01
3.500000000000000000e+01, -9.500000000000000000e+01, 1.014696216583251953e+01, 2.429671287536621094e-01
4.500000000000000000e+01, -9.500000000000000000e+01, 1.015291786193847656e+01, 1.893083006143569946e-01
5.500000000000000000e+01, -9.500000000000000000e+01, 1.035492897033691406e+01, 1.994853094220161438e-02
6.500000000000000000e+01, -9.500000000000000000e+01, 1.045412445068359375e+01, -5.619256570935249329e-02
7.500000000000000000e+01, -9.500000000000000000e+01, 1.045810604095458984e+01, -5.882623419165611267e-02
8.500000000000000000e+01, -9.500000000000000000e+01, 1.045167446136474609e+01, 4.254635050892829895e-02
9.500000000000000000e+01, -9.500000000000000000e+01, 1.057870864868164062e+01, 4.043471515178680420e-01
1.050000000000000000e+02, -9.500000000000000000e+01, 1.068321800231933594e+01, 5.358117818832397461e-01
1.150000000000000000e+02, -9.500000000000000000e+01, 1.071423149108886719e+01, 4.588681161403656006e-01
1.250000000000000000e+02, -9.500000000000000000e+01, 1.060011863708496094e+01, 3.359245061874389648e-01
1.350000000000000000e+02, -9.500000000000000000e+01, 1.039972877502441406e+01, 1.908699870109558105e-01
1.450000000000000000e+02, -9.500000000000000000e+01, 1.030947208404541016e+01, 4.119811952114105225e-02
1.550000000000000000e+02, -9.500000000000000000e+01, 1.041774177551269531e+01, -4.819865524768829346e-02
1.650000000000000000e+02, -9.500000000000000000e+01, 1.060054588317871094e+01, -1.945815384387969971e-01
1.750000000000000000e+02, -9.500000000000000000e+01, 1.053951835632324219e+01, -4.313383698463439941e-01
1.850000000000000000e+02, -9.500000000000000000e+01, 1.054524040222167969e+01, -5.435705184936523438e-01
1.950000000000000000e+02, -9.500000000000000000e+01, 1.050713920593261719e+01, -5.297600626945495605e-01
-1.950000000000000000e+02, -8.500000000000000000e+01, nan, nan
-1.850000000000000000e+02, -8.500000000000000000e+01, nan, nan
-1.750000000000000000e+02, -8.500000000000000000e+01, nan, nan
-1.650000000000000000e+02, -8.500000000000000000e+01, nan, nan
-1.550000000000000000e+02, -8.500000000000000000e+01, nan, nan
-1.450000000000000000e+02, -8.500000000000000000e+01, nan, nan
-1.350000000000000000e+02, -8.500000000000000000e+01, nan, nan
-1.250000000000000000e+02, -8.500000000000000000e+01, nan, nan
-1.150000000000000000e+02, -8.500000000000000000e+01, nan, nan
-1.050000000000000000e+02, -8.500000000000000000e+01, 1.017253971099853516e+01, -8.243656754493713379e-01
-9.500000000000000000e+01, -8.500000000000000000e+01, 1.020090484619140625e+01, -8.860405087471008301e-01
-8.500000000000000000e+01, -8.500000000000000000e+01, 1.020550155639648438e+01, -8.936063647270202637e-01
-7.500000000000000000e+01, -8.500000000000000000e+01, 1.023556709289550781e+01, -9.431203007698059082e-01
-6.500000000000000000e+01, -8.500000000000000000e+01, 1.028171825408935547e+01, -1.017079830169677734e+00
-5.500000000000000000e+01, -8.500000000000000000e+01, 1.033800411224365234e+01, -9.710308313369750977e-01
-4.500000000000000000e+01, -8.500000000000000000e+01, 1.043903160095214844e+01, -9.634230136871337891e-01
-3.500000000000000000e+01, -8.500000000000000000e+01, 1.047465515136718750e+01, -8.884280920028686523e-01
-2.500000000000000000e+01, -8.500000000000000000e+01, 1.049357795715332031e+01, -8.281499743461608887e-01
-1.500000000000000000e+01, -8.500000000000000000e+01, 1.043943405151367188e+01, -4.990097880363464355e-01
-5.000000000000000000e+00, -8.500000000000000000e+01, 1.034791374206542969e+01, -1.126748919486999512e-01
5.000000000000000000e+00, -8.500000000000000000e+01, 1.024946784973144531e+01, 2.085412591695785522e-01
1.500000000000000000e+01, -8.500000000000000000e+01, 1.019051933288574219e+01, 3.157801628112792969e-01
2.500000000000000000e+01, -8.500000000000000000e+01, 1.016646385192871094e+01, 2.770429253578186035e-01
3.500000000000000000e+01, -8.500000000000000000e+01, 1.016558361053466797e+01, 2.293659001588821411e-01
4.500000000000000000e+01, -8.500000000000000000e+01, 1.020672225952148438e+01, 1.656200140714645386e-01
5.500000000000000000e+01, -8.500000000000000000e+01, 1.026917648315429688e+01, 1.016694828867912292e-01
6.500000000000000000e+01, -8.500000000000000000e+01, 1.036204147338867188e+01, 2.679336443543434143e-02
7.500000000000000000e+01, -8.500000000000000000e+01, 1.049184322357177734e+01, -7.800531387329101562e-02
8.500000000000000000e+01, -8.500000000000000000e+01, 1.059616374969482422e+01, 1.221715211868286133e-01
9.500000000000000000e+01, -8.500000000000000000e+01, 1.064377212524414062e+01, 2.175756692886352539e-01
1.050000000000000000e+02, -8.500000000000000000e+01, 1.060157775878906250e+01, 1.322338432073593140e-01
1.150000000000000000e+02, -8.500000000000000000e+01, 1.049738788604736328e+01, 2.322798967361450195e-02
1.250000000000000000e+02, -8.500000000000000000e+01, 1.034206962585449219e+01, -6.291557848453521729e-02
1.350000000000000000e+02, -8.500000000000000000e+01, 1.018172359466552734e+01, -1.514101922512054443e-01
1.450000000000000000e+02, -8.500000000000000000e+01, 1.010916900634765625e+01, -2.232235223054885864e-01
1.550000000000000000e+02, -8.500000000000000000e+01, 1.009946250915527344e+01, -2.920773029327392578e-01
1.650000000000000000e+02, -8.500000000000000000e+01, 1.016512489318847656e+01, -3.961925208568572998e-01
1.750000000000000000e+02, -8.500000000000000000e+01, 1.032646369934082031e+01, -5.096493959426879883e-01
1.850000000000000000e+02, -8.500000000000000000e+01, 1.064862442016601562e+01, -5.653623342514038086e-01
1.950000000000000000e+02, -8.500000000000000000e+01, 1.074255847930908203e+01, -5.682473182678222656e-01
-1.950000000000000000e+02, -7.500000000000000000e+01, nan, nan
-1.850000000000000000e+02, -7.500000000000000000e+01, nan, nan
-1.750000000000000000e+02, -7.500000000000000000e+01, nan, nan
-1.650000000000000000e+02, -7.500000000000000000e+01, nan, nan
-1.550000000000000000e+02, -7.500000000000000000e+01, nan, nan
-1.450000000000000000e+02, -7.500000000000000000e+01, nan, nan
-1.350000000000000000e+02, -7.500000000000000000e+01, nan, nan
-1.250000000000000000e+02, -7.500000000000000000e+01, nan, nan
-1.150000000000000000e+02, -7.500000000000000000e+01, 1.017253971099853516e+01, -8.243656754493713379e-01
-1.050000000000000000e+02, -7.500000000000000000e+01, 1.020192050933837891e+01, -8.875574469566345215e-01
-9.500000000000000000e+01, -7.500000000000000000e+01, 1.023443889617919922e+01, -9.282323122024536133e-01
-8.500000000000000000e+01, -7.500000000000000000e+01, 1.028241252899169922e+01, -1.045757293701171875e+00
-7.500000000000000000e+01, -7.500000000000000000e+01, 1.038156986236572266e+01, -1.239978790283203125e+00
-6.500000000000000000e+01, -7.500000000000000000e+01, 1.044287681579589844e+01, -1.266314625740051270e+00
-5.500000000000000000e+01, -7.500000000000000000e+01, 1.064511108398437500e+01, -1.521487951278686523e+00
-4.500000000000000000e+01, -7.500000000000000000e+01, 1.085957622528076172e+01, -1.797261238098144531e+00
-3.500000000000000000e+01, -7.500000000000000000e+01, 1.087995243072509766e+01, -1.671869516372680664e+00
-2.500000000000000000e+01, -7.500000000000000000e+01, 1.074957084655761719e+01, -1.188219070434570312e+00
-1.500000000000000000e+01, -7.500000000000000000e+01, 1.046170711517333984e+01, -2.953028678894042969e-01
-5.000000000000000000e+00, -7.500000000000000000e+01, 1.031204414367675781e+01, 2.161896824836730957e-01
5.000000000000000000e+00, -7.500000000000000000e+01, 1.025147914886474609e+01, 3.538468182086944580e-01
1.500000000000000000e+01, -7.500000000000000000e+01, 1.022463703155517578e+01, 2.840172350406646729e-01
2.500000000000000000e+01, -7.500000000000000000e+01, 1.022630596160888672e+01, 2.789045870304107666e-01
3.500000000000000000e+01, -7.500000000000000000e+01, 1.026304912567138672e+01, 2.260332107543945312e-01
4.500000000000000000e+01, -7.500000000000000000e+01, 1.133060169219970703e+01, 1.559145152568817139e-01
5.500000000000000000e+01, -7.500000000000000000e+01, 1.216051769256591797e+01, 1.071526259183883667e-01
6.500000000000000000e+01, -7.500000000000000000e+01, 1.227490615844726562e+01, 1.360551640391349792e-02
7.500000000000000000e+01, -7.500000000000000000e+01, 1.200195217132568359e+01, -1.203570365905761719e-01
8.500000000000000000e+01, -7.500000000000000000e+01, 1.116891193389892578e+01, -9.851071983575820923e-02
9.500000000000000000e+01, -7.500000000000000000e+01, 1.061873245239257812e+01, -5.112919211387634277e-02
1.050000000000000000e+02, -7.500000000000000000e+01, 1.047626876831054688e+01, -1.127634719014167786e-01
1.150000000000000000e+02, -7.500000000000000000e+01, 1.037561225891113281e+01, -2.042039334774017334e-01
1.250000000000000000e+02, -7.500000000000000000e+01, 1.024293327331542969e+01, -2.897140085697174072e-01
1.350000000000000000e+02, -7.500000000000000000e+01, 1.010758590698242188e+01, -3.797370791435241699e-01
1.450000000000000000e+02, -7.500000000000000000e+01, 1.003476047515869141e+01, -4.399372935295104980e-01
1.550000000000000000e+02, -7.500000000000000000e+01, 1.002494049072265625e+01, -4.260363876819610596e-01
1.650000000000000000e+02, -7.500000000000000000e+01, 1.003651142120361328e+01, -4.800227284431457520e-01
1.750000000000000000e+02, -7.500000000000000000e+01, 1.012813186645507812e+01, -5.872912406921386719e-01
1.850000000000000000e+02, -7.500000000000000000e+01, 1.052714538574218750e+01, -6.183038949966430664e-01
1.950000000000000000e+02, -7.500000000000000000e+01, 1.088589191436767578e+01, -5.952905416488647461e-01
-1.950000000000000000e+02, -6.500000000000000000e+01, nan, nan
-1.850000000000000000e+02, -6.500000000000000000e+01, nan, nan
-1.750000000000000000e+02, -6.500000000000000000e+01, nan, nan
-1.650000000000000000e+02, -6.500000000000000000e+01, nan, nan
-1.550000000000000000e+02, -6.500000000000000000e+01, nan, nan
-1.450000000000000000e+02, -6.500000000000000000e+01, nan, nan
-1.350000000000000000e+02, -6.500000000000000000e+01, nan, nan
-1.250000000000000000e+02, -6.500000000000000000e+01, nan, nan
-1.150000000000000000e+02, -6.500000000000000000e+01, 1.019888305664062500e+01, -8.830941915512084961e-01
-1.050000000000000000e+02, -6.500000000000000000e+01, 1.020957565307617188e+01, -8.913373947143554688e-01
-9.500000000000000000e+01, -6.500000000000000000e+01, 1.009558582305908203e+01, -7.754268646240234375e-01
-8.500000000000000000e+01, -6.500000000000000000e+01, 1.012545871734619141e+01, -8.909882903099060059e-01
-7.500000000000000000e+01, -6.500000000000000000e+01, 1.012236404418945312e+01, -8.562576174736022949e-01
-6.500000000000000000e+01, -6.500000000000000000e+01, 1.017162227630615234e+01, -9.452466368675231934e-01
-5.500000000000000000e+01, -6.500000000000000000e+01, 1.037423992156982422e+01, -1.333138346672058105e+00
-4.500000000000000000e+01, -6.500000000000000000e+01, 1.061244297027587891e+01, -1.700010061264038086e+00
-3.500000000000000000e+01, -6.500000000000000000e+01, 1.082507801055908203e+01, -1.821057796478271484e+00
-2.500000000000000000e+01, -6.500000000000000000e+01, 1.112611579895019531e+01, -1.567487239837646484e+00
-1.500000000000000000e+01, -6.500000000000000000e+01, 1.128129196166992188e+01, -8.570684194564819336e-01
-5.000000000000000000e+00, -6.500000000000000000e+01, 1.136559391021728516e+01, -6.201270222663879395e-02
5.000000000000000000e+00, -6.500000000000000000e+01, 1.147042655944824219e+01, 3.295504152774810791e-01
1.500000000000000000e+01, -6.500000000000000000e+01, 1.153444576263427734e+01, 5.133214592933654785e-01
2.500000000000000000e+01, -6.500000000000000000e+01, 1.170668697357177734e+01, 4.974975585937500000e-01
3.500000000000000000e+01, -6.500000000000000000e+01, 1.200043773651123047e+01, 3.583891689777374268e-01
4.500000000000000000e+01, -6.500000000000000000e+01, 1.212507057189941406e+01, 2.611638903617858887e-01
5.500000000000000000e+01, -6.500000000000000000e+01, 1.199151515960693359e+01, 2.588890194892883301e-01
6.500000000000000000e+01, -6.500000000000000000e+01, 1.177266979217529297e+01, 1.936388611793518066e-01
7.500000000000000000e+01, -6.500000000000000000e+01, 1.149550628662109375e+01, 6.191380694508552551e-02
8.500000000000000000e+01, -6.500000000000000000e+01, 1.104970169067382812e+01, -5.486524850130081177e-02
9.500000000000000000e+01, -6.500000000000000000e+01, 1.058839702606201172e+01, -1.264207065105438232e-01
1.050000000000000000e+02, -6.500000000000000000e+01, 1.041101646423339844e+01, -2.011078596115112305e-01
1.150000000000000000e+02, -6.500000000000000000e+01, 1.034484481811523438e+01, -2.886576652526855469e-01
1.250000000000000000e+02, -6.500000000000000000e+01, 1.022493743896484375e+01, -3.748465776443481445e-01
1.350000000000000000e+02, -6.500000000000000000e+01, 1.010677337646484375e+01, -4.699603319168090820e-01
1.450000000000000000e+02, -6.500000000000000000e+01, 1.004831695556640625e+01, -5.399703979492187500e-01
1.550000000000000000e+02, -6.500000000000000000e+01, 1.005873203277587891e+01, -5.043395757675170898e-01
1.650000000000000000e+02, -6.500000000000000000e+01, 1.011638450622558594e+01, -4.524818658828735352e-01
1.750000000000000000e+02, -6.500000000000000000e+01, 1.025781631469726562e+01, -5.415787100791931152e-01
1.850000000000000000e+02, -6.500000000000000000e+01, 1.058700275421142578e+01, -6.019182801246643066e-01
1.950000000000000000e+02, -6.500000000000000000e+01, 1.092551326751708984e+01, -6.030346155166625977e-01
-1.950000000000000000e+02, -5.500000000000000000e+01, nan, nan
-1.850000000000000000e+02, -5.500000000000000000e+01, nan, nan
-1.750000000000000000e+02, -5.500000000000000000e+01, nan, nan
-1.650000000000000000e+02, -5.500000000000000000e+01, nan, nan
-1.550000000000000000e+02, -5.500000000000000000e+01, nan, nan
-1.450000000000000000e+02, -5.500000000000000000e+01, nan, nan
-1.350000000000000000e+02, -5.500000000000000000e+01, nan, nan
-1.250000000000000000e+02, -5.500000000000000000e+01, nan, nan
-1.150000000000000000e+02, -5.500000000000000000e+01, 1.018022060394287109e+01, -8.555737733840942383e-01
-1.050000000000000000e+02, -5.500000000000000000e+01, 1.000879573822021484e+01, -6.316802501678466797e-01
-9.500000000000000000e+01, -5.500000000000000000e+01, 9.934543609619140625e+00, -6.345890760421752930e-01
-8.500000000000000000e+01, -5.500000000000000000e+01, 9.994542121887207031e+00, -7.327622771263122559e-01
-7.500000000000000000e+01, -5.500000000000000000e+01, 9.988696098327636719e+00, -7.395796775817871094e-01
-6.500000000000000000e+01, -5.500000000000000000e+01, 1.005966567993164062e+01, -8.566069006919860840e-01
-5.500000000000000000e+01, -5.500000000000000000e+01, 1.023605155944824219e+01, -1.090099692344665527e+00
-4.500000000000000000e+01, -5.500000000000000000e+01, 1.044000911712646484e+01, -1.269946813583374023e+00
-3.500000000000000000e+01, -5.500000000000000000e+01, 1.066487693786621094e+01, -1.260778546333312988e+00
-2.500000000000000000e+01, -5.500000000000000000e+01, 1.082335472106933594e+01, -1.022599935531616211e+00
-1.500000000000000000e+01, -5.500000000000000000e+01, 1.081725502014160156e+01, -6.740869283676147461e-01
-5.000000000000000000e+00, -5.500000000000000000e+01, 1.076448440551757812e+01, -2.693277597427368164e-01
5.000000000000000000e+00, -5.500000000000000000e+01, 1.072861766815185547e+01, 5.932503938674926758e-02
1.500000000000000000e+01, -5.500000000000000000e+01, 1.070659160614013672e+01, 2.656198441982269287e-01
2.500000000000000000e+01, -5.500000000000000000e+01, 1.068383884429931641e+01, 3.737403154373168945e-01
3.500000000000000000e+01, -5.500000000000000000e+01, 1.072708034515380859e+01, 3.640011250972747803e-01
4.500000000000000000e+01, -5.500000000000000000e+01, 1.082256221771240234e+01, 3.009956479072570801e-01
5.500000000000000000e+01, -5.500000000000000000e+01, 1.080521488189697266e+01, 2.512079775333404541e-01
6.500000000000000000e+01, -5.500000000000000000e+01, 1.073631477355957031e+01, 1.658002734184265137e-01
7.500000000000000000e+01, -5.500000000000000000e+01, 1.062714004516601562e+01, 6.058319285511970520e-02
8.500000000000000000e+01, -5.500000000000000000e+01, 1.047275447845458984e+01, -4.113465547561645508e-02
9.500000000000000000e+01, -5.500000000000000000e+01, 1.026598644256591797e+01, -1.308850646018981934e-01
1.050000000000000000e+02, -5.500000000000000000e+01, 1.019196414947509766e+01, -2.147385478019714355e-01
1.150000000000000000e+02, -5.500000000000000000e+01, 1.024515628814697266e+01, -2.950266003608703613e-01
1.250000000000000000e+02, -5.500000000000000000e+01, 1.020848178863525391e+01, -3.714035749435424805e-01
1.350000000000000000e+02, -5.500000000000000000e+01, 1.014912414550781250e+01, -4.607473611831665039e-01
1.450000000000000000e+02, -5.500000000000000000e+01, 1.013069915771484375e+01, -5.262662768363952637e-01
1.550000000000000000e+02, -5.500000000000000000e+01, 1.019629669189453125e+01, -4.707009792327880859e-01
1.650000000000000000e+02, -5.500000000000000000e+01, 1.036537647247314453e+01, -3.358156681060791016e-01
1.750000000000000000e+02, -5.500000000000000000e+01, 1.063730430603027344e+01, -3.962180614471435547e-01
1.850000000000000000e+02, -5.500000000000000000e+01, 1.078205299377441406e+01, -5.369392633438110352e-01
1.950000000000000000e+02, -5.500000000000000000e+01, 1.088589191436767578e+01, -5.952905416488647461e-01
-1.950000000000000000e+02, -4.500000000000000000e+01, nan, nan
-1.850000000000000000e+02, -4.500000000000000000e+01, nan, nan
-1.750000000000000000e+02, -4.500000000000000000e+01, nan, nan
-1.650000000000000000e+02, -4.500000000000000000e+01, nan, nan
-1.550000000000000000e+02, -4.500000000000000000e+01, nan, nan
-1.450000000000000000e+02, -4.500000000000000000e+01, nan, nan
-1.350000000000000000e+02, -4.500000000000000000e+01, nan, nan
-1.250000000000000000e+02, -4.500000000000000000e+01, 1.017253971099853516e+01, -8.243656754493713379e-01
-1.150000000000000000e+02, -4.500000000000000000e+01, 1.014075851440429688e+01, -7.966061830520629883e-01
-1.050000000000000000e+02, -4.500000000000000000e+01, 9.817139625549316406e+00, -4.115355312824249268e-01
-9.500000000000000000e+01, -4.500000000000000000e+01, 9.891179084777832031e+00, -6.182075142860412598e-01
-8.500000000000000000e+01, -4.500000000000000000e+01, 9.966713905334472656e+00, -7.610731124877929688e-01
-7.500000000000000000e+01, -4.500000000000000000e+01, 9.973230361938476562e+00, -7.574431896209716797e-01
-6.500000000000000000e+01, -4.500000000000000000e+01, 1.004098224639892578e+01, -7.361771464347839355e-01
-5.500000000000000000e+01, -4.500000000000000000e+01, 1.017311859130859375e+01, -7.981382608413696289e-01
-4.500000000000000000e+01, -4.500000000000000000e+01, 1.034358501434326172e+01, -8.761911392211914062e-01
-3.500000000000000000e+01, -4.500000000000000000e+01, 1.049018955230712891e+01, -8.417168259620666504e-01
-2.500000000000000000e+01, -4.500000000000000000e+01, 1.052375793457031250e+01, -7.083469629287719727e-01
-1.500000000000000000e+01, -4.500000000000000000e+01, 1.042670822143554688e+01, -4.995318353176116943e-01
-5.000000000000000000e+00, -4.500000000000000000e+01, 1.027845096588134766e+01, -2.032710313796997070e-01
5.000000000000000000e+00, -4.500000000000000000e+01, 1.015033245086669922e+01, 5.076932907104492188e-02
1.500000000000000000e+01, -4.500000000000000000e+01, 1.006266212463378906e+01, 1.920134872198104858e-01
2.500000000000000000e+01, -4.500000000000000000e+01, 9.994373321533203125e+00, 2.386108934879302979e-01
3.500000000000000000e+01, -4.500000000000000000e+01, 9.922055244445800781e+00, 2.351625263690948486e-01
4.500000000000000000e+01, -4.500000000000000000e+01, 9.896293640136718750e+00, 1.973076462745666504e-01
5.500000000000000000e+01, -4.500000000000000000e+01, 9.907564163208007812e+00, 1.330781430006027222e-01
6.500000000000000000e+01, -4.500000000000000000e+01, 9.905659675598144531e+00, 6.358693540096282959e-02
7.500000000000000000e+01, -4.500000000000000000e+01, 9.888313293457031250e+00, 3.537245094776153564e-03
8.500000000000000000e+01, -4.500000000000000000e+01, 9.865078926086425781e+00, -5.575425922870635986e-02
9.500000000000000000e+01, -4.500000000000000000e+01, 9.805289268493652344e+00, -1.372774392366409302e-01
1.050000000000000000e+02, -4.500000000000000000e+01, 9.785615921020507812e+00, -2.304706573486328125e-01
1.150000000000000000e+02, -4.500000000000000000e+01, 9.927635192871093750e+00, -3.006814122200012207e-01
1.250000000000000000e+02, -4.500000000000000000e+01, 1.002604961395263672e+01, -3.464023470878601074e-01
1.350000000000000000e+02, -4.500000000000000000e+01, 1.007209396362304688e+01, -3.797863125801086426e-01
1.450000000000000000e+02, -4.500000000000000000e+01, 1.024685001373291016e+01, -3.971061110496520996e-01
1.550000000000000000e+02, -4.500000000000000000e+01, 1.048069858551025391e+01, -2.770884931087493896e-01
1.650000000000000000e+02, -4.500000000000000000e+01, 1.083695602416992188e+01, -1.107429862022399902e-01
1.750000000000000000e+02, -4.500000000000000000e+01, 1.108544635772705078e+01, -2.378619313240051270e-01
1.850000000000000000e+02, -4.500000000000000000e+01, 1.085553932189941406e+01, -4.954166114330291748e-01
1.950000000000000000e+02, -4.500000000000000000e+01, 1.074255847930908203e+01, -5.682473182678222656e-01
-1.950000000000000000e+02, -3.500000000000000000e+01, nan, nan
-1.850000000000000000e+02, -3.500000000000000000e+01, nan, nan
-1.750000000000000000e+02, -3.500000000000000000e+01, nan, nan
-1.650000000000000000e+02, -3.500000000000000000e+01, nan, nan
-1.550000000000000000e+02, -3.500000000000000000e+01, nan, nan
-1.450000000000000000e+02, -3.500000000000000000e+01, nan, nan
-1.350000000000000000e+02, -3.500000000000000000e+01, nan, nan
-1.250000000000000000e+02, -3.500000000000000000e+01, 9.945034980773925781e+00, -5.132858753204345703e-01
-1.150000000000000000e+02, -3.500000000000000000e+01, 1.013119316101074219e+01, -7.811398506164550781e-01
-1.050000000000000000e+02, -3.500000000000000000e+01, 9.767860412597656250e+00, -3.740233182907104492e-01
-9.500000000000000000e+01, -3.500000000000000000e+01, 9.940489768981933594e+00, -6.844687461853027344e-01
-8.500000000000000000e+01, -3.500000000000000000e+01, 1.001837539672851562e+01, -8.609300255775451660e-01
-7.500000000000000000e+01, -3.500000000000000000e+01, 1.004937362670898438e+01, -8.146218061447143555e-01
-6.500000000000000000e+01, -3.500000000000000000e+01, 1.009864330291748047e+01, -6.912100315093994141e-01
-5.500000000000000000e+01, -3.500000000000000000e+01, 1.018183040618896484e+01, -5.727535486221313477e-01
-4.500000000000000000e+01, -3.500000000000000000e+01, 1.028948593139648438e+01, -4.868963360786437988e-01
-3.500000000000000000e+01, -3.500000000000000000e+01, 1.033386516571044922e+01, -4.347773790359497070e-01
-2.500000000000000000e+01, -3.500000000000000000e+01, 1.025818729400634766e+01, -4.346655011177062988e-01
-1.500000000000000000e+01, -3.500000000000000000e+01, 1.008717441558837891e+01, -4.095000624656677246e-01
-5.000000000000000000e+00, -3.500000000000000000e+01, 9.865264892578125000e+00, -2.394902110099792480e-01
5.000000000000000000e+00, -3.500000000000000000e+01, 9.670660018920898438e+00, -3.162926435470581055e-02
1.500000000000000000e+01, -3.500000000000000000e+01, 9.545772552490234375e+00, 8.459103107452392578e-02
2.500000000000000000e+01, -3.500000000000000000e+01, 9.467770576477050781e+00, 1.052140444517135620e-01
3.500000000000000000e+01, -3.500000000000000000e+01, 9.364667892456054688e+00, 9.029926359653472900e-02
4.500000000000000000e+01, -3.500000000000000000e+01, 9.263089179992675781e+00, 5.775964260101318359e-02
5.500000000000000000e+01, -3.500000000000000000e+01, 9.229019165039062500e+00, -7.614739239215850830e-03
6.500000000000000000e+01, -3.500000000000000000e+01, 9.232868194580078125e+00, -7.011904567480087280e-02
7.500000000000000000e+01, -3.500000000000000000e+01, 9.298830032348632812e+00, -9.759062528610229492e-02
8.500000000000000000e+01, -3.500000000000000000e+01, 9.398261070251464844e+00, -1.073313951492309570e-01
9.500000000000000000e+01, -3.500000000000000000e+01, 9.438212394714355469e+00, -1.706168502569198608e-01
1.050000000000000000e+02, -3.500000000000000000e+01, 9.440002441406250000e+00, -2.925571203231811523e-01
1.150000000000000000e+02, -3.500000000000000000e+01, 9.510710716247558594e+00, -4.093187749385833740e-01
1.250000000000000000e+02, -3.500000000000000000e+01, 9.741599082946777344e+00, -4.398292601108551025e-01
1.350000000000000000e+02, -3.500000000000000000e+01, 9.779826164245605469e+00, -3.463125824928283691e-01
1.450000000000000000e+02, -3.500000000000000000e+01, 1.013923931121826172e+01, -1.635936796665191650e-01
1.550000000000000000e+02, -3.500000000000000000e+01, 1.099625396728515625e+01, 1.220818683505058289e-01
1.650000000000000000e+02, -3.500000000000000000e+01, 1.128026390075683594e+01, 6.486035883426666260e-02
1.750000000000000000e+02, -3.500000000000000000e+01, 1.104167270660400391e+01, -2.545906007289886475e-01
1.850000000000000000e+02, -3.500000000000000000e+01, 1.063974571228027344e+01, -5.000498890876770020e-01
1.950000000000000000e+02, -3.500000000000000000e+01, 1.050713920593261719e+01, -5.297600626945495605e-01
-1.950000000000000000e+02, -2.500000000000000000e+01, nan, nan
-1.850000000000000000e+02, -2.500000000000000000e+01, nan, nan
-1.750000000000000000e+02, -2.500000000000000000e+01, nan, nan
-1.650000000000000000e+02, -2.500000000000000000e+01, nan, nan
-1.550000000000000000e+02, -2.500000000000000000e+01, nan, nan
-1.450000000000000000e+02, -2.500000000000000000e+01, 9.882243156433105469e+00, 8.694975376129150391e-01
-1.350000000000000000e+02, -2.500000000000000000e+01, 1.109933280944824219e+01, 2.119052648544311523e+00
-1.250000000000000000e+02, -2.500000000000000000e+01, 1.109394836425781250e+01, 1.962539672851562500e+00
-1.150000000000000000e+02, -2.500000000000000000e+01, 1.066855812072753906e+01, 9.585826396942138672e-01
-1.050000000000000000e+02, -2.500000000000000000e+01, 1.030686092376708984e+01, 7.645759582519531250e-01
-9.500000000000000000e+01, -2.500000000000000000e+01, 1.060243988037109375e+01, -4.255294799804687500e-01
-8.500000000000000000e+01, -2.500000000000000000e+01, 1.066430473327636719e+01, -1.008514285087585449e+00
-7.500000000000000000e+01, -2.500000000000000000e+01, 1.051955413818359375e+01, -9.978838562965393066e-01
-6.500000000000000000e+01, -2.500000000000000000e+01, 1.040390300750732422e+01, -8.713540434837341309e-01
-5.500000000000000000e+01, -2.500000000000000000e+01, 1.039404392242431641e+01, -6.594931483268737793e-01
-4.500000000000000000e+01, -2.500000000000000000e+01, 1.040352153778076172e+01, -4.405111074447631836e-01
-3.500000000000000000e+01, -2.500000000000000000e+01, 1.029785156250000000e+01, -3.388145864009857178e-01
-2.500000000000000000e+01, -2.500000000000000000e+01, 1.007957649230957031e+01, -3.690930902957916260e-01
-1.500000000000000000e+01, -2.500000000000000000e+01, 9.804351806640625000e+00, -4.126982092857360840e-01
-5.000000000000000000e+00, -2.500000000000000000e+01, 9.508487701416015625e+00, -3.404689431190490723e-01
5.000000000000000000e+00, -2.500000000000000000e+01, 9.291630744934082031e+00, -1.995227634906768799e-01
1.500000000000000000e+01, -2.500000000000000000e+01, 9.151772499084472656e+00, -8.637744188308715820e-02
2.500000000000000000e+01, -2.500000000000000000e+01, 9.058956146240234375e+00, -4.652491211891174316e-02
3.500000000000000000e+01, -2.500000000000000000e+01, 8.968994140625000000e+00, -6.087739020586013794e-02
4.500000000000000000e+01, -2.500000000000000000e+01, 8.881235122680664062e+00, -9.467016160488128662e-02
5.500000000000000000e+01, -2.500000000000000000e+01, 8.856447219848632812e+00, -1.529070734977722168e-01
6.500000000000000000e+01, -2.500000000000000000e+01, 8.863395690917968750e+00, -2.078610956668853760e-01
7.500000000000000000e+01, -2.500000000000000000e+01, 8.963953018188476562e+00, -2.231425642967224121e-01
8.500000000000000000e+01, -2.500000000000000000e+01, 9.127270698547363281e+00, -2.034658789634704590e-01
9.500000000000000000e+01, -2.500000000000000000e+01, 9.258422851562500000e+00, -2.285319119691848755e-01
1.050000000000000000e+02, -2.500000000000000000e+01, 9.365961074829101562e+00, -3.272135853767395020e-01
1.150000000000000000e+02, -2.500000000000000000e+01, 9.372624397277832031e+00, -4.533421099185943604e-01
1.250000000000000000e+02, -2.500000000000000000e+01, 9.465660095214843750e+00, -5.713372826576232910e-01
1.350000000000000000e+02, -2.500000000000000000e+01, 9.552299499511718750e+00, -4.681318700313568115e-01
1.450000000000000000e+02, -2.500000000000000000e+01, 9.733418464660644531e+00, -2.046987712383270264e-01
1.550000000000000000e+02, -2.500000000000000000e+01, 1.100847816467285156e+01, 1.630706340074539185e-01
1.650000000000000000e+02, -2.500000000000000000e+01, 1.082785034179687500e+01, -9.829906374216079712e-02
1.750000000000000000e+02, -2.500000000000000000e+01, 1.052039051055908203e+01, -3.365142047405242920e-01
1.850000000000000000e+02, -2.500000000000000000e+01, 1.038976097106933594e+01, -5.169312357902526855e-01
1.950000000000000000e+02, -2.500000000000000000e+01, 1.047351074218750000e+01, -5.260846018791198730e-01
-1.950000000000000000e+02, -1.500000000000000000e+01, nan, nan
-1.850000000000000000e+02, -1.500000000000000000e+01, nan, nan
-1.750000000000000000e+02, -1.500000000000000000e+01, 9.882243156433105469e+00, 8.694975376129150391e-01
-1.650000000000000000e+02, -1.500000000000000000e+01, 9.880806922912597656e+00, 8.729428052902221680e-01
-1.550000000000000000e+02, -1.500000000000000000e+01, 9.868302345275878906e+00, 9.023613333702087402e-01
-1.450000000000000000e+02, -1.500000000000000000e+01, 1.028335762023925781e+01, 1.318753957748413086e+00
-1.350000000000000000e+02, -1.500000000000000000e+01, 1.056561374664306641e+01, 1.734394311904907227e+00
-1.250000000000000000e+02, -1.500000000000000000e+01, 1.079209804534912109e+01, 2.169011354446411133e+00
-1.150000000000000000e+02, -1.500000000000000000e+01, 9.403156280517578125e+00, 1.104945778846740723e+00
-1.050000000000000000e+02, -1.500000000000000000e+01, 9.808580398559570312e+00, 1.237584710121154785e+00
-9.500000000000000000e+01, -1.500000000000000000e+01, 1.059811878204345703e+01, 4.227877855300903320e-01
-8.500000000000000000e+01, -1.500000000000000000e+01, 1.112561321258544922e+01, -5.249403119087219238e-01
-7.500000000000000000e+01, -1.500000000000000000e+01, 1.111435985565185547e+01, -9.922336935997009277e-01
-6.500000000000000000e+01, -1.500000000000000000e+01, 1.096437644958496094e+01, -1.077001094818115234e+00
-5.500000000000000000e+01, -1.500000000000000000e+01, 1.086352539062500000e+01, -1.041211247444152832e+00
-4.500000000000000000e+01, -1.500000000000000000e+01, 1.073074626922607422e+01, -9.246528148651123047e-01
-3.500000000000000000e+01, -1.500000000000000000e+01, 1.043836307525634766e+01, -7.658586502075195312e-01
-2.500000000000000000e+01, -1.500000000000000000e+01, 1.004195976257324219e+01, -6.322073936462402344e-01
-1.500000000000000000e+01, -1.500000000000000000e+01, 9.634956359863281250e+00, -5.938162803649902344e-01
-5.000000000000000000e+00, -1.500000000000000000e+01, 9.299352645874023438e+00, -6.048661470413208008e-01
5.000000000000000000e+00, -1.500000000000000000e+01, 9.142489433288574219e+00, -5.207071304321289062e-01
1.500000000000000000e+01, -1.500000000000000000e+01, 9.051524162292480469e+00, -3.409544527530670166e-01
2.500000000000000000e+01, -1.500000000000000000e+01, 8.981481552124023438e+00, -2.151818275451660156e-01
3.500000000000000000e+01, -1.500000000000000000e+01, 8.953701019287109375e+00, -2.135097980499267578e-01
4.500000000000000000e+01, -1.500000000000000000e+01, 8.926383972167968750e+00, -2.486701905727386475e-01
5.500000000000000000e+01, -1.500000000000000000e+01, 8.900629997253417969e+00, -2.805993258953094482e-01
6.500000000000000000e+01, -1.500000000000000000e+01, 8.860980033874511719e+00, -3.125430047512054443e-01
7.500000000000000000e+01, -1.500000000000000000e+01, 8.898631095886230469e+00, -3.377461135387420654e-01
8.500000000000000000e+01, -1.500000000000000000e+01, 9.039102554321289062e+00, -3.483675420284271240e-01
9.500000000000000000e+01, -1.500000000000000000e+01, 9.173549652099609375e+00, -3.538357019424438477e-01
1.050000000000000000e+02, -1.500000000000000000e+01, 9.332262992858886719e+00, -3.941831886768341064e-01
1.150000000000000000e+02, -1.500000000000000000e+01, 9.314426422119140625e+00, -4.646967053413391113e-01
1.250000000000000000e+02, -1.500000000000000000e+01, 9.438323020935058594e+00, -4.977812767028808594e-01
1.350000000000000000e+02, -1.500000000000000000e+01, 1.001404762268066406e+01, -4.230465590953826904e-01
1.450000000000000000e+02, -1.500000000000000000e+01, 1.031842803955078125e+01, -4.321466982364654541e-01
1.550000000000000000e+02, -1.500000000000000000e+01, 1.038852405548095703e+01, -3.895186483860015869e-01
1.650000000000000000e+02, -1.500000000000000000e+01, 1.045252132415771484e+01, -2.821940481662750244e-01
1.750000000000000000e+02, -1.500000000000000000e+01, nan, nan
1.850000000000000000e+02, -1.500000000000000000e+01, nan, nan
1.950000000000000000e+02, -1.500000000000000000e+01, nan, nan
-1.950000000000000000e+02, -5.000000000000000000e+00, nan, nan
-1.850000000000000000e+02, -5.000000000000000000e+00, 9.882243156433105469e+00, 8.694975376129150391e-01
-1.750000000000000000e+02, -5.000000000000000000e+00, 9.882086753845214844e+00, 8.698724508285522461e-01
-1.650000000000000000e+02, -5.000000000000000000e+00, 9.888211250305175781e+00, 8.416832089424133301e-01
-1.550000000000000000e+02, -5.000000000000000000e+00, 9.923669815063476562e+00, 9.264422655105590820e-01
-1.450000000000000000e+02, -5.000000000000000000e+00, 1.009422302246093750e+01, 1.314771533012390137e+00
-1.350000000000000000e+02, -5.000000000000000000e+00, 1.020257282257080078e+01, 1.839740276336669922e+00
-1.250000000000000000e+02, -5.000000000000000000e+00, 1.058119583129882812e+01, 2.000214815139770508e+00
-1.150000000000000000e+02, -5.000000000000000000e+00, 1.026535797119140625e+01, 8.766975402832031250e-01
-1.050000000000000000e+02, -5.000000000000000000e+00, 1.038100433349609375e+01, 8.571107387542724609e-01
-9.500000000000000000e+01, -5.000000000000000000e+00, 1.091707420349121094e+01, 4.910560846328735352e-01
-8.500000000000000000e+01, -5.000000000000000000e+00, 1.123107051849365234e+01, 1.365232467651367188e-02
-7.500000000000000000e+01, -5.000000000000000000e+00, 1.133200740814208984e+01, -5.366034507751464844e-01
-6.500000000000000000e+01, -5.000000000000000000e+00, 1.125020980834960938e+01, -8.884198665618896484e-01
-5.500000000000000000e+01, -5.000000000000000000e+00, 1.111229324340820312e+01, -1.023992300033569336e+00
-4.500000000000000000e+01, -5.000000000000000000e+00, 1.089006519317626953e+01, -1.044223189353942871e+00
-3.500000000000000000e+01, -5.000000000000000000e+00, 1.051190090179443359e+01, -1.003838181495666504e+00
-2.500000000000000000e+01, -5.000000000000000000e+00, 1.006622886657714844e+01, -9.261176586151123047e-01
-1.500000000000000000e+01, -5.000000000000000000e+00, 9.621253013610839844e+00, -9.863899946212768555e-01
-5.000000000000000000e+00, -5.000000000000000000e+00, 9.282772064208984375e+00, -1.091774344444274902e+00
5.000000000000000000e+00, -5.000000000000000000e+00, 9.168755531311035156e+00, -9.502159357070922852e-01
1.500000000000000000e+01, -5.000000000000000000e+00, 9.097896575927734375e+00, -6.515598893165588379e-01
2.500000000000000000e+01, -5.000000000000000000e+00, 9.058427810668945312e+00, -4.055860638618469238e-01
3.500000000000000000e+01, -5.000000000000000000e+00, 9.105989456176757812e+00, -3.279715776443481445e-01
4.500000000000000000e+01, -5.000000000000000000e+00, 9.173059463500976562e+00, -3.306889235973358154e-01
5.500000000000000000e+01, -5.000000000000000000e+00, 9.164237022399902344e+00, -3.409129381179809570e-01
6.500000000000000000e+01, -5.000000000000000000e+00, 9.087048530578613281e+00, -3.684854209423065186e-01
7.500000000000000000e+01, -5.000000000000000000e+00, 9.070430755615234375e+00, -4.313603043556213379e-01
8.500000000000000000e+01, -5.000000000000000000e+00, 9.166133880615234375e+00, -4.901784062385559082e-01
9.500000000000000000e+01, -5.000000000000000000e+00, 9.249323844909667969e+00, -5.227568149566650391e-01
1.050000000000000000e+02, -5.000000000000000000e+00, 9.391524314880371094e+00, -5.149477124214172363e-01
1.150000000000000000e+02, -5.000000000000000000e+00, 9.579308509826660156e+00, -4.513223767280578613e-01
1.250000000000000000e+02, -5.000000000000000000e+00, 9.791088104248046875e+00, -3.371384739875793457e-01
1.350000000000000000e+02, -5.000000000000000000e+00, 9.869683265686035156e+00, -2.936549186706542969e-01
1.450000000000000000e+02, -5.000000000000000000e+00, 9.742717742919921875e+00, -4.498141705989837646e-01
1.550000000000000000e+02, -5.000000000000000000e+00, 1.019477558135986328e+01, -8.411768078804016113e-01
1.650000000000000000e+02, -5.000000000000000000e+00, 1.019779777526855469e+01, -8.449853658676147461e-01
1.750000000000000000e+02, -5.000000000000000000e+00, 1.019857978820800781e+01, -8.442121744155883789e-01
1.850000000000000000e+02, -5.000000000000000000e+00, nan, nan
1.950000000000000000e+02, -5.000000000000000000e+00, nan, nan
-1.950000000000000000e+02, 5.000000000000000000e+00, nan, nan
-1.850000000000000000e+02, 5.000000000000000000e+00, 9.882243156433105469e+00, 8.694975376129150391e-01
-1.750000000000000000e+02, 5.000000000000000000e+00, 9.898692131042480469e+00, 8.300347924232482910e-01
-1.650000000000000000e+02, 5.000000000000000000e+00, 9.801712036132812500e+00, 7.245610952377319336e-01
-1.550000000000000000e+02, 5.000000000000000000e+00, 9.725785255432128906e+00, 8.669870495796203613e-01
-1.450000000000000000e+02, 5.000000000000000000e+00, 9.677805900573730469e+00, 1.389179825782775879e+00
-1.350000000000000000e+02, 5.000000000000000000e+00, 1.003762531280517578e+01, 1.775477766990661621e+00
-1.250000000000000000e+02, 5.000000000000000000e+00, 1.065771293640136719e+01, 1.819438934326171875e+00
-1.150000000000000000e+02, 5.000000000000000000e+00, 1.148801040649414062e+01, 1.286473751068115234e+00
-1.050000000000000000e+02, 5.000000000000000000e+00, 1.176849174499511719e+01, 5.729320049285888672e-01
-9.500000000000000000e+01, 5.000000000000000000e+00, 1.165050029754638672e+01, 2.733734846115112305e-01
-8.500000000000000000e+01, 5.000000000000000000e+00, 1.167399406433105469e+01, -9.489059448242187500e-05
-7.500000000000000000e+01, 5.000000000000000000e+00, 1.166624450683593750e+01, -3.207738399505615234e-01
-6.500000000000000000e+01, 5.000000000000000000e+00, 1.150460720062255859e+01, -5.782278776168823242e-01
-5.500000000000000000e+01, 5.000000000000000000e+00, 1.125640869140625000e+01, -6.991614103317260742e-01
-4.500000000000000000e+01, 5.000000000000000000e+00, 1.093415164947509766e+01, -7.996041774749755859e-01
-3.500000000000000000e+01, 5.000000000000000000e+00, 1.050978279113769531e+01, -9.758491516113281250e-01
-2.500000000000000000e+01, 5.000000000000000000e+00, 1.011442089080810547e+01, -1.216894030570983887e+00
-1.500000000000000000e+01, 5.000000000000000000e+00, 9.781056404113769531e+00, -1.406629800796508789e+00
-5.000000000000000000e+00, 5.000000000000000000e+00, 9.532723426818847656e+00, -1.424857616424560547e+00
5.000000000000000000e+00, 5.000000000000000000e+00, 9.369232177734375000e+00, -1.197200775146484375e+00
1.500000000000000000e+01, 5.000000000000000000e+00, 9.231487274169921875e+00, -8.665893077850341797e-01
2.500000000000000000e+01, 5.000000000000000000e+00, 9.146436691284179688e+00, -5.660617351531982422e-01
3.500000000000000000e+01, 5.000000000000000000e+00, 9.184965133666992188e+00, -4.044874012470245361e-01
4.500000000000000000e+01, 5.000000000000000000e+00, 9.288418769836425781e+00, -3.392158150672912598e-01
5.500000000000000000e+01, 5.000000000000000000e+00, 9.341079711914062500e+00, -3.254782557487487793e-01
6.500000000000000000e+01, 5.000000000000000000e+00, 9.332683563232421875e+00, -3.656254410743713379e-01
7.500000000000000000e+01, 5.000000000000000000e+00, 9.373088836669921875e+00, -4.600701332092285156e-01
8.500000000000000000e+01, 5.000000000000000000e+00, 9.501263618469238281e+00, -5.644119381904602051e-01
9.500000000000000000e+01, 5.000000000000000000e+00, 9.634061813354492188e+00, -6.192374825477600098e-01
1.050000000000000000e+02, 5.000000000000000000e+00, 9.770646095275878906e+00, -6.200029850006103516e-01
1.150000000000000000e+02, 5.000000000000000000e+00, 9.864745140075683594e+00, -5.902985334396362305e-01
1.250000000000000000e+02, 5.000000000000000000e+00, 9.885843276977539062e+00, -5.599897503852844238e-01
1.350000000000000000e+02, 5.000000000000000000e+00, 9.845324516296386719e+00, -5.904629230499267578e-01
1.450000000000000000e+02, 5.000000000000000000e+00, 9.820311546325683594e+00, -7.012677788734436035e-01
1.550000000000000000e+02, 5.000000000000000000e+00, 1.019340515136718750e+01, -8.293762207031250000e-01
1.650000000000000000e+02, 5.000000000000000000e+00, 1.020011806488037109e+01, -8.338083624839782715e-01
1.750000000000000000e+02, 5.000000000000000000e+00, 1.019903564453125000e+01, -8.458184003829956055e-01
1.850000000000000000e+02, 5.000000000000000000e+00, 1.019857978820800781e+01, -8.442121744155883789e-01
1.950000000000000000e+02, 5.000000000000000000e+00, nan, nan
-1.950000000000000000e+02, 1.500000000000000000e+01, nan, nan
-1.850000000000000000e+02, 1.500000000000000000e+01, 9.882243156433105469e+00, 8.694975376129150391e-01
-1.750000000000000000e+02, 1.500000000000000000e+01, 9.921158790588378906e+00, 7.761338353157043457e-01
-1.650000000000000000e+02, 1.500000000000000000e+01, 9.725129127502441406e+00, 6.685613393783569336e-01
-1.550000000000000000e+02, 1.500000000000000000e+01, 9.389525413513183594e+00, 8.811904191970825195e-01
-1.450000000000000000e+02, 1.500000000000000000e+01, 9.666390419006347656e+00, 1.216697216033935547e+00
-1.350000000000000000e+02, 1.500000000000000000e+01, 1.010940647125244141e+01, 1.481502056121826172e+00
-1.250000000000000000e+02, 1.500000000000000000e+01, 1.066030406951904297e+01, 1.579695224761962891e+00
-1.150000000000000000e+02, 1.500000000000000000e+01, 1.131236839294433594e+01, 1.357209205627441406e+00
-1.050000000000000000e+02, 1.500000000000000000e+01, 1.194945716857910156e+01, 8.902364373207092285e-01
-9.500000000000000000e+01, 1.500000000000000000e+01, 1.251253986358642578e+01, 2.859055995941162109e-01
-8.500000000000000000e+01, 1.500000000000000000e+01, 1.288814258575439453e+01, -2.492466568946838379e-01
-7.500000000000000000e+01, 1.500000000000000000e+01, 1.292854022979736328e+01, -6.573697924613952637e-01
-6.500000000000000000e+01, 1.500000000000000000e+01, 1.248942470550537109e+01, -9.275606870651245117e-01
-5.500000000000000000e+01, 1.500000000000000000e+01, 1.181557559967041016e+01, -1.097170352935791016e+00
-4.500000000000000000e+01, 1.500000000000000000e+01, 1.118719196319580078e+01, -1.223685264587402344e+00
-3.500000000000000000e+01, 1.500000000000000000e+01, 1.069348049163818359e+01, -1.338463068008422852e+00
-2.500000000000000000e+01, 1.500000000000000000e+01, 1.033887290954589844e+01, -1.412576079368591309e+00
-1.500000000000000000e+01, 1.500000000000000000e+01, 1.010829639434814453e+01, -1.467638492584228516e+00
-5.000000000000000000e+00, 1.500000000000000000e+01, 9.946360588073730469e+00, -1.404375910758972168e+00
5.000000000000000000e+00, 1.500000000000000000e+01, 9.765783309936523438e+00, -1.180678844451904297e+00
1.500000000000000000e+01, 1.500000000000000000e+01, 9.563344955444335938e+00, -8.846372365951538086e-01
2.500000000000000000e+01, 1.500000000000000000e+01, 9.408429145812988281e+00, -5.853055119514465332e-01
3.500000000000000000e+01, 1.500000000000000000e+01, 9.414582252502441406e+00, -4.158690869808197021e-01
4.500000000000000000e+01, 1.500000000000000000e+01, 9.483952522277832031e+00, -3.388150334358215332e-01
5.500000000000000000e+01, 1.500000000000000000e+01, 9.591464042663574219e+00, -3.106984794139862061e-01
6.500000000000000000e+01, 1.500000000000000000e+01, 9.734625816345214844e+00, -3.477833569049835205e-01
7.500000000000000000e+01, 1.500000000000000000e+01, 9.878170013427734375e+00, -4.485754370689392090e-01
8.500000000000000000e+01, 1.500000000000000000e+01, 1.004248428344726562e+01, -5.658427476882934570e-01
9.500000000000000000e+01, 1.500000000000000000e+01, 1.017123603820800781e+01, -6.331627368927001953e-01
1.050000000000000000e+02, 1.500000000000000000e+01, 1.023647117614746094e+01, -6.816488504409790039e-01
1.150000000000000000e+02, 1.500000000000000000e+01, 1.022712516784667969e+01, -7.067364454269409180e-01
1.250000000000000000e+02, 1.500000000000000000e+01, 1.014007377624511719e+01, -7.243127822875976562e-01
1.350000000000000000e+02, 1.500000000000000000e+01, 9.927268028259277344e+00, -7.529785633087158203e-01
1.450000000000000000e+02, 1.500000000000000000e+01, 9.959412574768066406e+00, -8.369966745376586914e-01
1.550000000000000000e+02, 1.500000000000000000e+01, 1.019609832763671875e+01, -8.361795544624328613e-01
1.650000000000000000e+02, 1.500000000000000000e+01, 1.020562171936035156e+01, -8.383095264434814453e-01
1.750000000000000000e+02, 1.500000000000000000e+01, 1.020256328582763672e+01, -8.464179039001464844e-01
1.850000000000000000e+02, 1.500000000000000000e+01, 1.019957447052001953e+01, -8.494403958320617676e-01
1.950000000000000000e+02, 1.500000000000000000e+01, nan, nan
-1.950000000000000000e+02, 2.500000000000000000e+01, 9.882243156433105469e+00, 8.694975376129150391e-01
-1.850000000000000000e+02, 2.500000000000000000e+01, 9.882872581481933594e+00, 8.679871559143066406e-01
-1.750000000000000000e+02, 2.500000000000000000e+01, 9.922242164611816406e+00, 7.519860863685607910e-01
-1.650000000000000000e+02, 2.500000000000000000e+01, 9.640711784362792969e+00, 6.850450038909912109e-01
-1.550000000000000000e+02, 2.500000000000000000e+01, 9.444966316223144531e+00, 6.727559566497802734e-01
-1.450000000000000000e+02, 2.500000000000000000e+01, 9.710505485534667969e+00, 8.964558839797973633e-01
-1.350000000000000000e+02, 2.500000000000000000e+01, 1.010455799102783203e+01, 1.126734852790832520e+00
-1.250000000000000000e+02, 2.500000000000000000e+01, 1.057469177246093750e+01, 1.305171370506286621e+00
-1.150000000000000000e+02, 2.500000000000000000e+01, 1.108431339263916016e+01, 1.331067800521850586e+00
-1.050000000000000000e+02, 2.500000000000000000e+01, 1.157994747161865234e+01, 1.122143983840942383e+00
-9.500000000000000000e+01, 2.500000000000000000e+01, 1.205510711669921875e+01, 6.971552371978759766e-01
-8.500000000000000000e+01, 2.500000000000000000e+01, 1.245774650573730469e+01, 2.146986722946166992e-01
-7.500000000000000000e+01, 2.500000000000000000e+01, 1.255187702178955078e+01, -2.010296881198883057e-01
-6.500000000000000000e+01, 2.500000000000000000e+01, 1.220259952545166016e+01, -5.156358480453491211e-01
-5.500000000000000000e+01, 2.500000000000000000e+01, 1.167991447448730469e+01, -7.765061855316162109e-01
-4.500000000000000000e+01, 2.500000000000000000e+01, 1.124957084655761719e+01, -1.003487706184387207e+00
-3.500000000000000000e+01, 2.500000000000000000e+01, 1.092537117004394531e+01, -1.149776935577392578e+00
-2.500000000000000000e+01, 2.500000000000000000e+01, 1.064592647552490234e+01, -1.214805364608764648e+00
-1.500000000000000000e+01, 2.500000000000000000e+01, 1.043567848205566406e+01, -1.232623577117919922e+00
-5.000000000000000000e+00, 2.500000000000000000e+01, 1.029101562500000000e+01, -1.158588051795959473e+00
5.000000000000000000e+00, 2.500000000000000000e+01, 1.014189338684082031e+01, -1.016974449157714844e+00
1.500000000000000000e+01, 2.500000000000000000e+01, 9.959081649780273438e+00, -7.941462397575378418e-01
2.500000000000000000e+01, 2.500000000000000000e+01, 9.798736572265625000e+00, -5.327131152153015137e-01
3.500000000000000000e+01, 2.500000000000000000e+01, 9.806496620178222656e+00, -3.994467258453369141e-01
4.500000000000000000e+01, 2.500000000000000000e+01, 9.880416870117187500e+00, -3.549752831459045410e-01
5.500000000000000000e+01, 2.500000000000000000e+01, 1.004221725463867188e+01, -3.395178020000457764e-01
6.500000000000000000e+01, 2.500000000000000000e+01, 1.031672096252441406e+01, -3.594031333923339844e-01
7.500000000000000000e+01, 2.500000000000000000e+01, 1.054440498352050781e+01, -4.317079782485961914e-01
8.500000000000000000e+01, 2.500000000000000000e+01, 1.068170738220214844e+01, -5.326010584831237793e-01
9.500000000000000000e+01, 2.500000000000000000e+01, 1.074498748779296875e+01, -6.241618990898132324e-01
1.050000000000000000e+02, 2.500000000000000000e+01, 1.069535541534423828e+01, -7.148153781890869141e-01
1.150000000000000000e+02, 2.500000000000000000e+01, 1.056917858123779297e+01, -7.838215827941894531e-01
1.250000000000000000e+02, 2.500000000000000000e+01, 1.026865005493164062e+01, -8.201040625572204590e-01
1.350000000000000000e+02, 2.500000000000000000e+01, 9.945711135864257812e+00, -8.562357425689697266e-01
1.450000000000000000e+02, 2.500000000000000000e+01, 1.019311237335205078e+01, -8.566840887069702148e-01
1.550000000000000000e+02, 2.500000000000000000e+01, 1.020106983184814453e+01, -8.518971800804138184e-01
1.650000000000000000e+02, 2.500000000000000000e+01, 1.021130943298339844e+01, -8.524713516235351562e-01
1.750000000000000000e+02, 2.500000000000000000e+01, 1.020786857604980469e+01, -8.575310111045837402e-01
1.850000000000000000e+02, 2.500000000000000000e+01, 1.020177555084228516e+01, -8.610029816627502441e-01
1.950000000000000000e+02, 2.500000000000000000e+01, nan, nan
-1.950000000000000000e+02, 3.500000000000000000e+01, nan, nan
-1.850000000000000000e+02, 3.500000000000000000e+01, 9.882243156433105469e+00, 8.694975376129150391e-01
-1.750000000000000000e+02, 3.500000000000000000e+01, 9.921158790588378906e+00, 7.761338353157043457e-01
-1.650000000000000000e+02, 3.500000000000000000e+01, 9.818797111511230469e+00, 6.108099818229675293e-01
-1.550000000000000000e+02, 3.500000000000000000e+01, 9.598155021667480469e+00, 4.189808666706085205e-01
-1.450000000000000000e+02, 3.500000000000000000e+01, 9.745029449462890625e+00, 5.546091794967651367e-01
-1.350000000000000000e+02, 3.500000000000000000e+01, 1.008432960510253906e+01, 7.684089541435241699e-01
-1.250000000000000000e+02, 3.500000000000000000e+01, 1.051645183563232422e+01, 9.884464740753173828e-01
-1.150000000000000000e+02, 3.500000000000000000e+01, 1.096233654022216797e+01, 1.135129094123840332e+00
-1.050000000000000000e+02, 3.500000000000000000e+01, 1.136437416076660156e+01, 1.136157512664794922e+00
-9.500000000000000000e+01, 3.500000000000000000e+01, 1.170713901519775391e+01, 9.415476918220520020e-01
-8.500000000000000000e+01, 3.500000000000000000e+01, 1.196155261993408203e+01, 6.125880479812622070e-01
-7.500000000000000000e+01, 3.500000000000000000e+01, 1.199542713165283203e+01, 2.756419181823730469e-01
-6.500000000000000000e+01, 3.500000000000000000e+01, 1.180372524261474609e+01, -2.216783165931701660e-02
-5.500000000000000000e+01, 3.500000000000000000e+01, 1.153305149078369141e+01, -2.954468727111816406e-01
-4.500000000000000000e+01, 3.500000000000000000e+01, 1.130881118774414062e+01, -5.541272163391113281e-01
-3.500000000000000000e+01, 3.500000000000000000e+01, 1.109007644653320312e+01, -7.571639418601989746e-01
-2.500000000000000000e+01, 3.500000000000000000e+01, 1.083742618560791016e+01, -8.779675960540771484e-01
-1.500000000000000000e+01, 3.500000000000000000e+01, 1.063649272918701172e+01, -9.094504714012145996e-01
-5.000000000000000000e+00, 3.500000000000000000e+01, 1.051638603210449219e+01, -8.623076081275939941e-01
5.000000000000000000e+00, 3.500000000000000000e+01, 1.041078948974609375e+01, -7.939651012420654297e-01
1.500000000000000000e+01, 3.500000000000000000e+01, 1.029190826416015625e+01, -6.707022786140441895e-01
2.500000000000000000e+01, 3.500000000000000000e+01, 1.015323925018310547e+01, -4.848337173461914062e-01
3.500000000000000000e+01, 3.500000000000000000e+01, 1.014977931976318359e+01, -3.969906270503997803e-01
4.500000000000000000e+01, 3.500000000000000000e+01, 1.023496437072753906e+01, -3.835444748401641846e-01
5.500000000000000000e+01, 3.500000000000000000e+01, 1.042853546142578125e+01, -3.835117816925048828e-01
6.500000000000000000e+01, 3.500000000000000000e+01, 1.084751510620117188e+01, -3.933235406875610352e-01
7.500000000000000000e+01, 3.500000000000000000e+01, 1.129278373718261719e+01, -4.216524362564086914e-01
8.500000000000000000e+01, 3.500000000000000000e+01, 1.127647590637207031e+01, -5.108290314674377441e-01
9.500000000000000000e+01, 3.500000000000000000e+01, 1.114832878112792969e+01, -6.464170217514038086e-01
1.050000000000000000e+02, 3.500000000000000000e+01, 1.097872829437255859e+01, -8.045846819877624512e-01
1.150000000000000000e+02, 3.500000000000000000e+01, 1.064486026763916016e+01, -8.820815682411193848e-01
1.250000000000000000e+02, 3.500000000000000000e+01, 1.013379287719726562e+01, -8.829267024993896484e-01
1.350000000000000000e+02, 3.500000000000000000e+01, 1.020046901702880859e+01, -8.790177702903747559e-01
1.450000000000000000e+02, 3.500000000000000000e+01, 1.020223331451416016e+01, -8.729339838027954102e-01
1.550000000000000000e+02, 3.500000000000000000e+01, 1.020805263519287109e+01, -8.698770999908447266e-01
1.650000000000000000e+02, 3.500000000000000000e+01, 1.021639347076416016e+01, -8.707506656646728516e-01
1.750000000000000000e+02, 3.500000000000000000e+01, 1.021041011810302734e+01, -8.737419843673706055e-01
1.850000000000000000e+02, 3.500000000000000000e+01, 1.020372486114501953e+01, -8.712471127510070801e-01
1.950000000000000000e+02, 3.500000000000000000e+01, nan, nan
-1.950000000000000000e+02, 4.500000000000000000e+01, nan, nan
-1.850000000000000000e+02, 4.500000000000000000e+01, 9.882243156433105469e+00, 8.694975376129150391e-01
-1.750000000000000000e+02, 4.500000000000000000e+01, 9.898398399353027344e+00, 8.301160931587219238e-01
-1.650000000000000000e+02, 4.500000000000000000e+01, 1.006014060974121094e+01, 5.970909595489501953e-01
-1.550000000000000000e+02, 4.500000000000000000e+01, 9.902557373046875000e+00, 2.950119972229003906e-01
-1.450000000000000000e+02, 4.500000000000000000e+01, 9.845777511596679688e+00, 2.506629824638366699e-01
-1.350000000000000000e+02, 4.500000000000000000e+01, 1.009822177886962891e+01, 4.262388050556182861e-01
-1.250000000000000000e+02, 4.500000000000000000e+01, 1.050068187713623047e+01, 6.740820407867431641e-01
-1.150000000000000000e+02, 4.500000000000000000e+01, 1.092332077026367188e+01, 8.930772542953491211e-01
-1.050000000000000000e+02, 4.500000000000000000e+01, 1.128944492340087891e+01, 1.028913497924804688e+00
-9.500000000000000000e+01, 4.500000000000000000e+01, 1.156689929962158203e+01, 1.019020318984985352e+00
-8.500000000000000000e+01, 4.500000000000000000e+01, 1.171309947967529297e+01, 8.447988629341125488e-01
-7.500000000000000000e+01, 4.500000000000000000e+01, 1.172077465057373047e+01, 5.919562578201293945e-01
-6.500000000000000000e+01, 4.500000000000000000e+01, 1.164579772949218750e+01, 3.422386050224304199e-01
-5.500000000000000000e+01, 4.500000000000000000e+01, 1.151050853729248047e+01, 1.015659347176551819e-01
-4.500000000000000000e+01, 4.500000000000000000e+01, 1.136191844940185547e+01, -1.520751714706420898e-01
-3.500000000000000000e+01, 4.500000000000000000e+01, 1.117257308959960938e+01, -3.747108876705169678e-01
-2.500000000000000000e+01, 4.500000000000000000e+01, 1.094402694702148438e+01, -5.212801694869995117e-01
-1.500000000000000000e+01, 4.500000000000000000e+01, 1.079602432250976562e+01, -5.684877634048461914e-01
-5.000000000000000000e+00, 4.500000000000000000e+01, 1.071206092834472656e+01, -5.562371015548706055e-01
5.000000000000000000e+00, 4.500000000000000000e+01, 1.062948799133300781e+01, -5.430575609207153320e-01
1.500000000000000000e+01, 4.500000000000000000e+01, 1.056371784210205078e+01, -5.202854275703430176e-01
2.500000000000000000e+01, 4.500000000000000000e+01, 1.047670173645019531e+01, -4.507179856300354004e-01
3.500000000000000000e+01, 4.500000000000000000e+01, 1.044198703765869141e+01, -4.142583608627319336e-01
4.500000000000000000e+01, 4.500000000000000000e+01, 1.053161430358886719e+01, -4.428953528404235840e-01
5.500000000000000000e+01, 4.500000000000000000e+01, 1.074687957763671875e+01, -4.724917113780975342e-01
6.500000000000000000e+01, 4.500000000000000000e+01, 1.123729133605957031e+01, -4.942220151424407959e-01
7.500000000000000000e+01, 4.500000000000000000e+01, 1.161676979064941406e+01, -5.227476954460144043e-01
8.500000000000000000e+01, 4.500000000000000000e+01, 1.123711585998535156e+01, -5.835541486740112305e-01
9.500000000000000000e+01, 4.500000000000000000e+01, 1.078462696075439453e+01, -7.606734037399291992e-01
1.050000000000000000e+02, 4.500000000000000000e+01, 1.061256980895996094e+01, -9.179937839508056641e-01
1.150000000000000000e+02, 4.500000000000000000e+01, 1.033306026458740234e+01, -9.073309302330017090e-01
1.250000000000000000e+02, 4.500000000000000000e+01, 1.020788383483886719e+01, -8.974373936653137207e-01
1.350000000000000000e+02, 4.500000000000000000e+01, 1.020919132232666016e+01, -8.920164108276367188e-01
1.450000000000000000e+02, 4.500000000000000000e+01, 1.020996284484863281e+01, -8.883351683616638184e-01
1.550000000000000000e+02, 4.500000000000000000e+01, 1.021439552307128906e+01, -8.866279721260070801e-01
1.650000000000000000e+02, 4.500000000000000000e+01, 1.021831035614013672e+01, -8.882804512977600098e-01
1.750000000000000000e+02, 4.500000000000000000e+01, 1.020842075347900391e+01, -8.854128122329711914e-01
1.850000000000000000e+02, 4.500000000000000000e+01, 1.020592594146728516e+01, -8.828096985816955566e-01
1.950000000000000000e+02, 4.500000000000000000e+01, nan, nan
-1.950000000000000000e+02, 5.500000000000000000e+01, nan, nan
-1.850000000000000000e+02, 5.500000000000000000e+01, 9.882243156433105469e+00, 8.694975376129150391e-01
-1.750000000000000000e+02, 5.500000000000000000e+01, 9.882086753845214844e+00, 8.698724508285522461e-01
-1.650000000000000000e+02, 5.500000000000000000e+01, 1.022881793975830078e+01, 7.333130836486816406e-01
-1.550000000000000000e+02, 5.500000000000000000e+01, 1.035723209381103516e+01, 4.165106415748596191e-01
-1.450000000000000000e+02, 5.500000000000000000e+01, 1.015782833099365234e+01, 1.171795129776000977e-01
-1.350000000000000000e+02, 5.500000000000000000e+01, 1.021140670776367188e+01, 1.405532956123352051e-01
-1.250000000000000000e+02, 5.500000000000000000e+01, 1.052121829986572266e+01, 3.768934011459350586e-01
-1.150000000000000000e+02, 5.500000000000000000e+01, 1.095376586914062500e+01, 6.791073679924011230e-01
-1.050000000000000000e+02, 5.500000000000000000e+01, 1.131677436828613281e+01, 9.081755876541137695e-01
-9.500000000000000000e+01, 5.500000000000000000e+01, 1.157049942016601562e+01, 1.022755980491638184e+00
-8.500000000000000000e+01, 5.500000000000000000e+01, 1.168090343475341797e+01, 9.676704406738281250e-01
-7.500000000000000000e+01, 5.500000000000000000e+01, 1.169129562377929688e+01, 7.855448722839355469e-01
-6.500000000000000000e+01, 5.500000000000000000e+01, 1.164230155944824219e+01, 6.096946001052856445e-01
-5.500000000000000000e+01, 5.500000000000000000e+01, 1.149081230163574219e+01, 4.355861544609069824e-01
-4.500000000000000000e+01, 5.500000000000000000e+01, 1.134924125671386719e+01, 2.046355903148651123e-01
-3.500000000000000000e+01, 5.500000000000000000e+01, 1.120545101165771484e+01, -2.226747572422027588e-02
-2.500000000000000000e+01, 5.500000000000000000e+01, 1.102195453643798828e+01, -1.681836396455764771e-01
-1.500000000000000000e+01, 5.500000000000000000e+01, 1.092147541046142578e+01, -2.239433974027633667e-01
-5.000000000000000000e+00, 5.500000000000000000e+01, 1.086498451232910156e+01, -2.436059713363647461e-01
5.000000000000000000e+00, 5.500000000000000000e+01, 1.080453872680664062e+01, -2.791186571121215820e-01
1.500000000000000000e+01, 5.500000000000000000e+01, 1.077926921844482422e+01, -3.450162410736083984e-01
2.500000000000000000e+01, 5.500000000000000000e+01, 1.079623889923095703e+01, -4.427031278610229492e-01
3.500000000000000000e+01, 5.500000000000000000e+01, 1.077569198608398438e+01, -5.174044370651245117e-01
4.500000000000000000e+01, 5.500000000000000000e+01, 1.077818012237548828e+01, -5.671002268791198730e-01
5.500000000000000000e+01, 5.500000000000000000e+01, 1.082090282440185547e+01, -5.662963390350341797e-01
6.500000000000000000e+01, 5.500000000000000000e+01, 1.096680641174316406e+01, -6.572223901748657227e-01
7.500000000000000000e+01, 5.500000000000000000e+01, 1.093611240386962891e+01, -9.541608095169067383e-01
8.500000000000000000e+01, 5.500000000000000000e+01, 1.082805728912353516e+01, -9.474920630455017090e-01
9.500000000000000000e+01, 5.500000000000000000e+01, 1.060406208038330078e+01, -9.253154397010803223e-01
1.050000000000000000e+02, 5.500000000000000000e+01, 1.028472709655761719e+01, -9.074157476425170898e-01
1.150000000000000000e+02, 5.500000000000000000e+01, 1.020685100555419922e+01, -9.020770192146301270e-01
1.250000000000000000e+02, 5.500000000000000000e+01, 1.021220874786376953e+01, -9.014313220977783203e-01
1.350000000000000000e+02, 5.500000000000000000e+01, 1.021341705322265625e+01, -8.994444012641906738e-01
1.450000000000000000e+02, 5.500000000000000000e+01, 1.021335124969482422e+01, -8.984227776527404785e-01
1.550000000000000000e+02, 5.500000000000000000e+01, 1.021629619598388672e+01, -8.971527814865112305e-01
1.650000000000000000e+02, 5.500000000000000000e+01, 1.021293735504150391e+01, -8.970741629600524902e-01
1.750000000000000000e+02, 5.500000000000000000e+01, 1.020666027069091797e+01, -8.864166736602783203e-01
1.850000000000000000e+02, 5.500000000000000000e+01, 1.020692062377929688e+01, -8.880379199981689453e-01
1.950000000000000000e+02, 5.500000000000000000e+01, nan, nan
-1.950000000000000000e+02, 6.500000000000000000e+01, nan, nan
-1.850000000000000000e+02, 6.500000000000000000e+01, nan, nan
-1.750000000000000000e+02, 6.500000000000000000e+01, 9.882243156433105469e+00, 8.694975376129150391e-01
-1.650000000000000000e+02, 6.500000000000000000e+01, 1.032377815246582031e+01, 7.795923352241516113e-01
-1.550000000000000000e+02, 6.500000000000000000e+01, 1.060886955261230469e+01, 6.616488695144653320e-01
-1.450000000000000000e+02, 6.500000000000000000e+01, 1.067173957824707031e+01, 3.699734807014465332e-01
-1.350000000000000000e+02, 6.500000000000000000e+01, 1.052110576629638672e+01, 8.897298574447631836e-02
-1.250000000000000000e+02, 6.500000000000000000e+01, 1.064059448242187500e+01, 1.874235868453979492e-01
-1.150000000000000000e+02, 6.500000000000000000e+01, 1.103439617156982422e+01, 4.836802780628204346e-01
-1.050000000000000000e+02, 6.500000000000000000e+01, 1.143897628784179688e+01, 8.305273056030273438e-01
-9.500000000000000000e+01, 6.500000000000000000e+01, 1.168377399444580078e+01, 1.026477456092834473e+00
-8.500000000000000000e+01, 6.500000000000000000e+01, 1.182606029510498047e+01, 1.028154611587524414e+00
-7.500000000000000000e+01, 6.500000000000000000e+01, 1.185793113708496094e+01, 8.781617879867553711e-01
-6.500000000000000000e+01, 6.500000000000000000e+01, 1.171972084045410156e+01, 7.873003482818603516e-01
-5.500000000000000000e+01, 6.500000000000000000e+01, 1.140039825439453125e+01, 6.977260708808898926e-01
-4.500000000000000000e+01, 6.500000000000000000e+01, 1.124669361114501953e+01, 4.985674619674682617e-01
-3.500000000000000000e+01, 6.500000000000000000e+01, 1.118250465393066406e+01, 2.770307064056396484e-01
-2.500000000000000000e+01, 6.500000000000000000e+01, 1.104055595397949219e+01, 1.385881602764129639e-01
-1.500000000000000000e+01, 6.500000000000000000e+01, 1.096828556060791016e+01, 7.433864474296569824e-02
-5.000000000000000000e+00, 6.500000000000000000e+01, 1.093588352203369141e+01, 2.379637956619262695e-02
5.000000000000000000e+00, 6.500000000000000000e+01, 1.091927719116210938e+01, -8.248239755630493164e-02
1.500000000000000000e+01, 6.500000000000000000e+01, 1.093067932128906250e+01, -3.093751966953277588e-01
2.500000000000000000e+01, 6.500000000000000000e+01, 1.095238113403320312e+01, -5.380824208259582520e-01
3.500000000000000000e+01, 6.500000000000000000e+01, 1.091013145446777344e+01, -6.378380656242370605e-01
4.500000000000000000e+01, 6.500000000000000000e+01, 1.083020305633544922e+01, -6.617264747619628906e-01
5.500000000000000000e+01, 6.500000000000000000e+01, 1.063197612762451172e+01, -6.031429171562194824e-01
6.500000000000000000e+01, 6.500000000000000000e+01, 1.038323402404785156e+01, -7.328224182128906250e-01
7.500000000000000000e+01, 6.500000000000000000e+01, 1.020413589477539062e+01, -9.231500029563903809e-01
8.500000000000000000e+01, 6.500000000000000000e+01, 1.018325424194335938e+01, -9.163734912872314453e-01
9.500000000000000000e+01, 6.500000000000000000e+01, 1.018550109863281250e+01, -9.122923016548156738e-01
1.050000000000000000e+02, 6.500000000000000000e+01, 1.019240093231201172e+01, -9.050768017768859863e-01
1.150000000000000000e+02, 6.500000000000000000e+01, 1.019819068908691406e+01, -8.963909745216369629e-01
1.250000000000000000e+02, 6.500000000000000000e+01, 1.020505809783935547e+01, -8.913325667381286621e-01
1.350000000000000000e+02, 6.500000000000000000e+01, 1.020745468139648438e+01, -8.910738229751586914e-01
1.450000000000000000e+02, 6.500000000000000000e+01, 1.020747852325439453e+01, -8.913556933403015137e-01
1.550000000000000000e+02, 6.500000000000000000e+01, 1.020750713348388672e+01, -8.903977274894714355e-01
1.650000000000000000e+02, 6.500000000000000000e+01, 1.020649433135986328e+01, -8.873571157455444336e-01
1.750000000000000000e+02, 6.500000000000000000e+01, 1.020692062377929688e+01, -8.880379199981689453e-01
1.850000000000000000e+02, 6.500000000000000000e+01, nan, nan
1.950000000000000000e+02, 6.500000000000000000e+01, nan, nan
-1.950000000000000000e+02, 7.500000000000000000e+01, nan, nan
-1.850000000000000000e+02, 7.500000000000000000e+01, nan, nan
-1.750000000000000000e+02, 7.500000000000000000e+01, nan, nan
-1.650000000000000000e+02, 7.500000000000000000e+01, 1.076574707031250000e+01, 6.894234418869018555e-01
-1.550000000000000000e+02, 7.500000000000000000e+01, 1.076591587066650391e+01, 6.894474625587463379e-01
-1.450000000000000000e+02, 7.500000000000000000e+01, 1.076121044158935547e+01, 6.739054322242736816e-01
-1.350000000000000000e+02, 7.500000000000000000e+01, 1.074219799041748047e+01, 5.929010510444641113e-01
-1.250000000000000000e+02, 7.500000000000000000e+01, 1.079065513610839844e+01, 5.546354055404663086e-01
-1.150000000000000000e+02, 7.500000000000000000e+01, 1.105068111419677734e+01, 6.866509914398193359e-01
-1.050000000000000000e+02, 7.500000000000000000e+01, 1.167417240142822266e+01, 9.876751303672790527e-01
-9.500000000000000000e+01, 7.500000000000000000e+01, 1.212771224975585938e+01, 1.279644727706909180e+00
-8.500000000000000000e+01, 7.500000000000000000e+01, 1.218340492248535156e+01, 1.195032238960266113e+00
-7.500000000000000000e+01, 7.500000000000000000e+01, 1.202155590057373047e+01, 8.565974235534667969e-01
-6.500000000000000000e+01, 7.500000000000000000e+01, 1.154500770568847656e+01, 7.671326398849487305e-01
-5.500000000000000000e+01, 7.500000000000000000e+01, 1.099085426330566406e+01, 7.281135320663452148e-01
-4.500000000000000000e+01, 7.500000000000000000e+01, 1.099181365966796875e+01, 4.764450788497924805e-01
-3.500000000000000000e+01, 7.500000000000000000e+01, 1.102901840209960938e+01, 2.571255862712860107e-01
-2.500000000000000000e+01, 7.500000000000000000e+01, 1.091788578033447266e+01, 2.056898772716522217e-01
-1.500000000000000000e+01, 7.500000000000000000e+01, 1.089313411712646484e+01, 1.747950017452239990e-01
-5.000000000000000000e+00, 7.500000000000000000e+01, 1.091226577758789062e+01, 3.792765736579895020e-02
5.000000000000000000e+00, 7.500000000000000000e+01, 1.093102073669433594e+01, -2.441347241401672363e-01
1.500000000000000000e+01, 7.500000000000000000e+01, 1.092955398559570312e+01, -4.518485069274902344e-01
2.500000000000000000e+01, 7.500000000000000000e+01, 1.093062973022460938e+01, -5.274521112442016602e-01
3.500000000000000000e+01, 7.500000000000000000e+01, 1.086784934997558594e+01, -5.869213342666625977e-01
4.500000000000000000e+01, 7.500000000000000000e+01, 1.072072696685791016e+01, -6.220152974128723145e-01
5.500000000000000000e+01, 7.500000000000000000e+01, 1.051768016815185547e+01, -6.680961847305297852e-01
6.500000000000000000e+01, 7.500000000000000000e+01, 1.021581649780273438e+01, -9.273668527603149414e-01
7.500000000000000000e+01, 7.500000000000000000e+01, 1.017605686187744141e+01, -9.300692081451416016e-01
8.500000000000000000e+01, 7.500000000000000000e+01, 1.017791843414306641e+01, -9.196705222129821777e-01
9.500000000000000000e+01, 7.500000000000000000e+01, 1.018407630920410156e+01, -9.132707715034484863e-01
1.050000000000000000e+02, 7.500000000000000000e+01, 1.019354343414306641e+01, -9.060751199722290039e-01
1.150000000000000000e+02, 7.500000000000000000e+01, 1.020023059844970703e+01, -8.976153731346130371e-01
1.250000000000000000e+02, 7.500000000000000000e+01, 1.020090961456298828e+01, -8.846921920776367188e-01
1.350000000000000000e+02, 7.500000000000000000e+01, 1.019931030273437500e+01, -8.798108696937561035e-01
1.450000000000000000e+02, 7.500000000000000000e+01, 1.020208072662353516e+01, -8.797441124916076660e-01
1.550000000000000000e+02, 7.500000000000000000e+01, 1.020550441741943359e+01, -8.851894736289978027e-01
1.650000000000000000e+02, 7.500000000000000000e+01, 1.020692062377929688e+01, -8.880379199981689453e-01
1.750000000000000000e+02, 7.500000000000000000e+01, nan, nan
1.850000000000000000e+02, 7.500000000000000000e+01, nan, nan
1.950000000000000000e+02, 7.500000000000000000e+01, nan, nan
-1.950000000000000000e+02, 8.500000000000000000e+01, nan, nan
-1.850000000000000000e+02, 8.500000000000000000e+01, nan, nan
-1.750000000000000000e+02, 8.500000000000000000e+01, nan, nan
-1.650000000000000000e+02, 8.500000000000000000e+01, nan, nan
-1.550000000000000000e+02, 8.500000000000000000e+01, 1.076574707031250000e+01, 6.894234418869018555e-01
-1.450000000000000000e+02, 8.500000000000000000e+01, 1.076729679107666016e+01, 6.896439790725708008e-01
-1.350000000000000000e+02, 8.500000000000000000e+01, 1.077983951568603516e+01, 7.075362205505371094e-01
-1.250000000000000000e+02, 8.500000000000000000e+01, 1.113930988311767578e+01, 8.770335316658020020e-01
-1.150000000000000000e+02, 8.500000000000000000e+01, 1.133062362670898438e+01, 9.616814851760864258e-01
-1.050000000000000000e+02, 8.500000000000000000e+01, 1.157227611541748047e+01, 1.113402962684631348e+00
-9.500000000000000000e+01, 8.500000000000000000e+01, 1.197432231903076172e+01, 1.322808027267456055e+00
-8.500000000000000000e+01, 8.500000000000000000e+01, 1.187990856170654297e+01, 1.201677680015563965e+00
-7.500000000000000000e+01, 8.500000000000000000e+01, 1.186018371582031250e+01, 8.978906869888305664e-01
-6.500000000000000000e+01, 8.500000000000000000e+01, 1.150432777404785156e+01, 7.700178623199462891e-01
-5.500000000000000000e+01, 8.500000000000000000e+01, 1.108595085144042969e+01, 6.392202377319335938e-01
-4.500000000000000000e+01, 8.500000000000000000e+01, 1.113216686248779297e+01, -2.640439569950103760e-02
-3.500000000000000000e+01, 8.500000000000000000e+01, 1.099004364013671875e+01, -1.992007344961166382e-01
-2.500000000000000000e+01, 8.500000000000000000e+01, 1.092302703857421875e+01, -2.004847228527069092e-01
-1.500000000000000000e+01, 8.500000000000000000e+01, 1.090538692474365234e+01, -2.605342566967010498e-01
-5.000000000000000000e+00, 8.500000000000000000e+01, 1.090084457397460938e+01, -3.473250865936279297e-01
5.000000000000000000e+00, 8.500000000000000000e+01, 1.089832973480224609e+01, -3.886035382747650146e-01
1.500000000000000000e+01, 8.500000000000000000e+01, 1.091189098358154297e+01, -3.927304744720458984e-01
2.500000000000000000e+01, 8.500000000000000000e+01, 1.090441226959228516e+01, -3.870415687561035156e-01
3.500000000000000000e+01, 8.500000000000000000e+01, 1.081713008880615234e+01, -4.236570894718170166e-01
4.500000000000000000e+01, 8.500000000000000000e+01, 1.073655986785888672e+01, -4.604540765285491943e-01
5.500000000000000000e+01, 8.500000000000000000e+01, 1.067515373229980469e+01, -5.086661577224731445e-01
6.500000000000000000e+01, 8.500000000000000000e+01, nan, nan
7.500000000000000000e+01, 8.500000000000000000e+01, nan, nan
8.500000000000000000e+01, 8.500000000000000000e+01, nan, nan
9.500000000000000000e+01, 8.500000000000000000e+01, nan, nan
1.050000000000000000e+02, 8.500000000000000000e+01, nan, nan
1.150000000000000000e+02, 8.500000000000000000e+01, nan, nan
1.250000000000000000e+02, 8.500000000000000000e+01, nan, nan
1.350000000000000000e+02, 8.500000000000000000e+01, nan, nan
1.450000000000000000e+02, 8.500000000000000000e+01, nan, nan
1.550000000000000000e+02, 8.500000000000000000e+01, nan, nan
1.650000000000000000e+02, 8.500000000000000000e+01, nan, nan
1.750000000000000000e+02, 8.500000000000000000e+01, nan, nan
1.850000000000000000e+02, 8.500000000000000000e+01, nan, nan
1.950000000000000000e+02, 8.500000000000000000e+01, nan, nan
-1.950000000000000000e+02, 9.500000000000000000e+01, nan, nan
-1.850000000000000000e+02, 9.500000000000000000e+01, nan, nan
-1.750000000000000000e+02, 9.500000000000000000e+01, nan, nan
-1.650000000000000000e+02, 9.500000000000000000e+01, nan, nan
-1.550000000000000000e+02, 9.500000000000000000e+01, nan, nan
-1.450000000000000000e+02, 9.500000000000000000e+01, nan, nan
-1.350000000000000000e+02, 9.500000000000000000e+01, nan, nan
-1.250000000000000000e+02, 9.500000000000000000e+01, 1.124453926086425781e+01, 9.330221414566040039e-01
-1.150000000000000000e+02, 9.500000000000000000e+01, 1.170174217224121094e+01, 1.161938548088073730e+00
-1.050000000000000000e+02, 9.500000000000000000e+01, 1.173110771179199219e+01, 1.152216076850891113e+00
-9.500000000000000000e+01, 9.500000000000000000e+01, 1.174041938781738281e+01, 1.122577786445617676e+00
-8.500000000000000000e+01, 9.500000000000000000e+01, 1.175089550018310547e+01, 1.089100122451782227e+00
-7.500000000000000000e+01, 9.500000000000000000e+01, 1.176088714599609375e+01, 1.060294866561889648e+00
-6.500000000000000000e+01, 9.500000000000000000e+01, 1.172571372985839844e+01, 9.441384077072143555e-01
-5.500000000000000000e+01, 9.500000000000000000e+01, 1.112536048889160156e+01, -1.170578300952911377e-01
-4.500000000000000000e+01, 9.500000000000000000e+01, 1.099671459197998047e+01, -2.312611043453216553e-01
-3.500000000000000000e+01, 9.500000000000000000e+01, 1.096032142639160156e+01, -2.776802778244018555e-01
-2.500000000000000000e+01, 9.500000000000000000e+01, 1.093572235107421875e+01, -3.042481839656829834e-01
-1.500000000000000000e+01, 9.500000000000000000e+01, 1.089465808868408203e+01, -3.174486160278320312e-01
-5.000000000000000000e+00, 9.500000000000000000e+01, 1.086121273040771484e+01, -3.680824637413024902e-01
5.000000000000000000e+00, 9.500000000000000000e+01, 1.084147167205810547e+01, -4.042608439922332764e-01
1.500000000000000000e+01, 9.500000000000000000e+01, 1.080978488922119141e+01, -4.043264985084533691e-01
2.500000000000000000e+01, 9.500000000000000000e+01, 1.077202129364013672e+01, -4.273786544799804688e-01
3.500000000000000000e+01, 9.500000000000000000e+01, 1.077256393432617188e+01, -4.306171536445617676e-01
4.500000000000000000e+01, 9.500000000000000000e+01, 1.075647354125976562e+01, -4.388062357902526855e-01
5.500000000000000000e+01, 9.500000000000000000e+01, nan, nan
6.500000000000000000e+01, 9.500000000000000000e+01, nan, nan
7.500000000000000000e+01, 9.500000000000000000e+01, nan, nan
8.500000000000000000e+01, 9.500000000000000000e+01, nan, nan
9.500000000000000000e+01, 9.500000000000000000e+01, nan, nan
1.050000000000000000e+02, 9.500000000000000000e+01, nan, nan
1.150000000000000000e+02, 9.500000000000000000e+01, nan, nan
1.250000000000000000e+02, 9.500000000000000000e+01, nan, nan
1.350000000000000000e+02, 9.500000000000000000e+01, nan, nan
1.450000000000000000e+02, 9.500000000000000000e+01, nan, nan
1.550000000000000000e+02, 9.500000000000000000e+01, nan, nan
1.650000000000000000e+02, 9.500000000000000000e+01, nan, nan
1.750000000000000000e+02, 9.500000000000000000e+01, nan, nan
1.850000000000000000e+02, 9.500000000000000000e+01, nan, nan
1.950000000000000000e+02, 9.500000000000000000e+01, nan, nan
