TITLE = "B00012"
VARIABLES = "x", "y", "Vx", "Vy", "isValid"
ZONE T="Frame 0", I=26, J=20, F=POINT
-35.3635895252 117.3038856983 10.0888210022 0.4923316835 1
-28.4633653164 117.3038856983 10.1479859131 0.4789456841 1
-21.5631411076 117.3038856983 0 -0 0
-14.6629168987 117.3038856983 0 -0 0
-7.7626926899 117.3038856983 0 -0 0
-0.8624684811 117.3038856983 10.3356531279 0.449113715 1
6.0377557278 117.3038856983 10.4819284854 0.415001626 1
12.9379799366 117.3038856983 10.4389682563 0.3936695745 1
19.8382041454 117.3038856983 10.448071394 0.298333401 1
26.7384283543 117.3038856983 10.5036444041 0.1999591925 1
33.6386525631 117.3038856983 10.5146175237 0.2384226909 1
40.5388767719 117.3038856983 10.537068274 0.116846449 1
47.4391009808 117.3038856983 10.4473694653 0.0834664497 1
54.3393251896 117.3038856983 10.523638404 0.1412137937 1
61.2395493984 117.3038856983 10.4510600747 0.0989500094 1
68.1397736073 117.3038856983 10.4464043133 -0.0089879775 1
75.0399978161 117.3038856983 0 -0 0
81.9402220249 117.3038856983 0 -0 0
88.8404462337 117.3038856983 10.2819775187 0.008461531 1
95.7406704426 117.3038856983 10.3085521 0.0361931979 1
102.6408946514 117.3038856983 10.2700556986 -0.0773218318 1
109.5411188602 117.3038856983 10.2688766778 0.0258095888 1
116.4413430691 117.3038856983 10.2099146682 -0.0067094511 1
123.3415672779 117.3038856983 10.2687121633 0.0628555203 1
130.2417914867 117.3038856983 10.2270461152 0.0534206117 1
137.1420156956 117.3038856983 0 -0 0
-35.3635895252 110.4036614895 10.2019631323 0.4362898069 1
-28.4633653164 110.4036614895 10.134742493 0.4811693723 1
-21.5631411076 110.4036614895 0 -0 0
-14.6629168987 110.4036614895 0 -0 0
-7.7626926899 110.4036614895 0 -0 0
-0.8624684811 110.4036614895 10.3988925154 0.4674433762 1
6.0377557278 110.4036614895 10.4790330296 0.4196052911 1
12.9379799366 110.4036614895 10.4737630806 0.3671059608 1
19.8382041454 110.4036614895 10.5191855439 0.2967348681 1
26.7384283543 110.4036614895 10.6037405315 0.2745089544 1
33.6386525631 110.4036614895 10.5131862472 0.1540020569 1
40.5388767719 110.4036614895 10.5761349924 0.0507527343 1
47.4391009808 110.4036614895 10.5068963081 0.1138632521 1
54.3393251896 110.4036614895 10.5251025834 -0.0263086162 1
61.2395493984 110.4036614895 10.4115711023 -0.0112829552 1
68.1397736073 110.4036614895 10.4372079508 -0.0297716472 1
75.0399978161 110.4036614895 0 -0 0
81.9402220249 110.4036614895 0 -0 0
88.8404462337 110.4036614895 10.3356805469 -0.0484056602 1
95.7406704426 110.4036614895 10.34805204 -0.064911952 1
102.6408946514 110.4036614895 10.2691673201 -0.0648324366 1
109.5411188602 110.4036614895 10.2823778374 -0.0469030941 1
116.4413430691 110.4036614895 10.2294370598 -0.0338022533 1
123.3415672779 110.4036614895 10.2141207565 0.0164541955 1
130.2417914867 110.4036614895 10.1641083376 0.0593211997 1
137.1420156956 110.4036614895 0 -0 0
-35.3635895252 103.5034372807 10.098401232 0.4280997249 1
-28.4633653164 103.5034372807 10.0577058197 0.4950132704 1
-21.5631411076 103.5034372807 0 -0 0
-14.6629168987 103.5034372807 0 -0 0
-7.7626926899 103.5034372807 0 -0 0
-0.8624684811 103.5034372807 10.382978476 0.4444360183 1
6.0377557278 103.5034372807 10.5593380583 0.4540683444 1
12.9379799366 103.5034372807 10.6271619176 0.3589652332 1
19.8382041454 103.5034372807 10.6621980299 0.2943713426 1
26.7384283543 103.5034372807 10.6251000021 0.1989337185 1
33.6386525631 103.5034372807 10.6224129313 0.1242770222 1
40.5388767719 103.5034372807 10.6130739895 0.0636616415 1
47.4391009808 103.5034372807 10.5696640873 0.0474651855 1
54.3393251896 103.5034372807 10.5205126279 -0.0491925881 1
61.2395493984 103.5034372807 10.4916787136 -0.1123414926 1
68.1397736073 103.5034372807 10.5440491741 0.0073208968 1
75.0399978161 103.5034372807 0 -0 0
81.9402220249 103.5034372807 0 -0 0
88.8404462337 103.5034372807 10.3562064772 -0.1843220859 1
95.7406704426 103.5034372807 10.2405472747 -0.1359904572 1
102.6408946514 103.5034372807 10.272210839 -0.119558197 1
109.5411188602 103.5034372807 10.2503029867 -0.1397715496 1
116.4413430691 103.5034372807 10.1969289875 -0.1486772698 1
123.3415672779 103.5034372807 10.1623754512 -0.0620466572 1
130.2417914867 103.5034372807 10.2426530608 0.0022922359 1
137.1420156956 103.5034372807 0 -0 0
-35.3635895252 96.6032130718 10.113454312 0.5288895553 1
-28.4633653164 96.6032130718 10.1189436137 0.5730178376 1
-21.5631411076 96.6032130718 0 -0 0
-14.6629168987 96.6032130718 0 -0 0
-7.7626926899 96.6032130718 0 -0 0
-0.8624684811 96.6032130718 10.3084643589 0.4808540527 1
6.0377557278 96.6032130718 10.5762501526 0.3979688877 1
12.9379799366 96.6032130718 10.6747614566 0.3383076913 1
19.8382041454 96.6032130718 10.731562842 0.3142392147 1
26.7384283543 96.6032130718 10.6911800073 0.2086044313 1
33.6386525631 96.6032130718 10.6872974642 0.2028546483 1
40.5388767719 96.6032130718 10.6840729793 0.0371089954 1
47.4391009808 96.6032130718 10.6410798473 -0.1104303821 1
54.3393251896 96.6032130718 10.6381624562 -0.1330922594 1
61.2395493984 96.6032130718 10.5646244587 -0.1688769129 1
68.1397736073 96.6032130718 10.4842865271 -0.2176664403 1
75.0399978161 96.6032130718 0 -0 0
81.9402220249 96.6032130718 0 -0 0
88.8404462337 96.6032130718 10.3114201367 -0.2123581047 1
95.7406704426 96.6032130718 10.2375750455 -0.2005158 1
102.6408946514 96.6032130718 10.2509774963 -0.1720822044 1
109.5411188602 96.6032130718 10.1881603627 -0.1254862041 1
116.4413430691 96.6032130718 10.2190068382 -0.0651285628 1
123.3415672779 96.6032130718 10.1805159206 -0.0738807361 1
130.2417914867 96.6032130718 10.1587232285 -0.0310164738 1
137.1420156956 96.6032130718 0 -0 0
-35.3635895252 89.702988863 10.1596938642 0.6090492628 1
-28.4633653164 89.702988863 10.1739627583 0.5859706154 1
-21.5631411076 89.702988863 0 -0 0
-14.6629168987 89.702988863 0 -0 0
-7.7626926899 89.702988863 0 -0 0
-0.8624684811 89.702988863 0 -0 0
6.0377557278 89.702988863 10.6811062338 0.4762257105 1
12.9379799366 89.702988863 10.7781478747 0.526578126 1
19.8382041454 89.702988863 10.8021176425 0.3796447103 1
26.7384283543 89.702988863 10.8054901905 0.1736807373 1
33.6386525631 89.702988863 10.8155255772 0.0885252717 1
40.5388767719 89.702988863 10.7094795074 -0.0849141776 1
47.4391009808 89.702988863 10.687906168 -0.1235942869 1
54.3393251896 89.702988863 10.6584141955 -0.1470238987 1
61.2395493984 89.702988863 10.576206282 -0.280661798 1
68.1397736073 89.702988863 10.5591899952 -0.3220920419 1
75.0399978161 89.702988863 10.4941299801 -0.2911194387 1
81.9402220249 89.702988863 0 -0 0
88.8404462337 89.702988863 10.28127559 -0.2730475169 1
95.7406704426 89.702988863 10.3099888603 -0.2627982613 1
102.6408946514 89.702988863 10.2400317959 -0.203496255 1
109.5411188602 89.702988863 10.1448436855 -0.1900609012 1
116.4413430691 89.702988863 10.196221575 -0.1546902761 1
123.3415672779 89.702988863 10.1804281795 -0.1265061942 1
130.2417914867 89.702988863 10.2244193664 -0.0701983524 1
137.1420156956 89.702988863 0 -0 0
-35.3635895252 82.8027646542 9.9880010109 0.6433395759 1
-28.4633653164 82.8027646542 10.1360311902 0.7413134657 1
-21.5631411076 82.8027646542 10.2210139155 0.7138642155 1
-14.6629168987 82.8027646542 0 -0 0
-7.7626926899 82.8027646542 0 -0 0
-0.8624684811 82.8027646542 10.3167394401 0.6993238724 1
6.0377557278 82.8027646542 10.7708489131 0.6210341467 1
12.9379799366 82.8027646542 10.8722118024 0.5656091996 1
19.8382041454 82.8027646542 10.9692479594 0.3723457488 1
26.7384283543 82.8027646542 10.9316234851 0.2227801005 1
33.6386525631 82.8027646542 10.855573899 0.0815169525 1
40.5388767719 82.8027646542 10.8604435293 -0.1384609171 1
47.4391009808 82.8027646542 10.7638351101 -0.2366596435 1
54.3393251896 82.8027646542 10.7232767932 -0.3171840249 1
61.2395493984 82.8027646542 10.6386066454 -0.325311043 1
68.1397736073 82.8027646542 10.6011028151 -0.3332461274 1
75.0399978161 82.8027646542 10.4714818124 -0.3951118186 1
81.9402220249 82.8027646542 0 -0 0
88.8404462337 82.8027646542 10.3122317418 -0.3721839761 1
95.7406704426 82.8027646542 10.1632638297 -0.2601002229 1
102.6408946514 82.8027646542 10.1375995621 -0.2380772104 1
109.5411188602 82.8027646542 10.0878448826 -0.232760649 1
116.4413430691 82.8027646542 10.0753527456 -0.1950402079 1
123.3415672779 82.8027646542 10.163071896 -0.127715376 1
130.2417914867 82.8027646542 10.1416027491 -0.0598147433 1
137.1420156956 82.8027646542 0 -0 0
-35.3635895252 75.9025404453 9.9172597605 0.5703718955 1
-28.4633653164 75.9025404453 9.9859116763 0.6946461758 1
-21.5631411076 75.9025404453 10.0463707682 0.8492432269 1
-14.6629168987 75.9025404453 0 -0 0
-7.7626926899 75.9025404453 0 -0 0
-0.8624684811 75.9025404453 10.7882326157 0.8838872462 1
6.0377557278 75.9025404453 11.0248319372 0.7968069606 1
12.9379799366 75.9025404453 11.0792314104 0.5357881981 1
19.8382041454 75.9025404453 10.9840597514 0.2934253841 1
26.7384283543 75.9025404453 11.0281002927 0.0361520692 1
33.6386525631 75.9025404453 10.9200252103 -0.0960490698 1
40.5388767719 75.9025404453 10.9462652788 -0.113413579 1
47.4391009808 75.9025404453 10.8254458037 -0.3523078783 1
54.3393251896 75.9025404453 10.7646631666 -0.2517785293 1
61.2395493984 75.9025404453 10.6893867988 -0.4126847129 1
68.1397736073 75.9025404453 10.6572187233 -0.5155583941 1
75.0399978161 75.9025404453 10.4503526622 -0.4162245174 1
81.9402220249 75.9025404453 0 -0 0
88.8404462337 75.9025404453 10.2236900186 -0.4445210175 1
95.7406704426 75.9025404453 10.0603599875 -0.3985529143 1
102.6408946514 75.9025404453 10.0787198097 -0.3248531442 1
109.5411188602 75.9025404453 10.0466065723 -0.2544135038 1
116.4413430691 75.9025404453 10.0886126171 -0.1322861382 1
123.3415672779 75.9025404453 10.0749304916 -0.1138166397 1
130.2417914867 75.9025404453 10.1226835775 -0.0519838514 1
137.1420156956 75.9025404453 0 -0 0
-35.3635895252 69.0023162365 9.8453340055 0.650652247 1
-28.4633653164 69.0023162365 9.7339028266 0.7616145595 1
-21.5631411076 69.0023162365 9.7799668966 1.0006925666 1
-14.6629168987 69.0023162365 0 -0 0
-7.7626926899 69.0023162365 0 -0 0
-0.8624684811 69.0023162365 11.0552726101 1.1407520166 1
6.0377557278 69.0023162365 11.294630292 0.8551602664 1
12.9379799366 69.0023162365 11.2884555131 0.5573533119 1
19.8382041454 69.0023162365 11.327116429 0.2617645617 1
26.7384283543 69.0023162365 11.2592706345 -0.0575279912 1
33.6386525631 69.0023162365 11.1114543241 -0.1892492962 1
40.5388767719 69.0023162365 11.0616557741 -0.3652853333 1
47.4391009808 69.0023162365 10.8714769708 -0.4018870756 1
54.3393251896 69.0023162365 10.8172365284 -0.4544220507 1
61.2395493984 69.0023162365 10.696515762 -0.5210586634 1
68.1397736073 69.0023162365 10.688536807 -0.6256049089 1
75.0399978161 69.0023162365 10.5192842527 -0.6386070411 1
81.9402220249 69.0023162365 0 -0 0
88.8404462337 69.0023162365 10.2000108931 -0.6432326414 1
95.7406704426 69.0023162365 9.9931393482 -0.5041904396 1
102.6408946514 69.0023162365 9.9579551728 -0.2794800352 1
109.5411188602 69.0023162365 9.9458030325 -0.2998908053 1
116.4413430691 69.0023162365 9.8899119609 -0.1652411416 1
123.3415672779 69.0023162365 9.9718237482 0.0247073414 1
130.2417914867 69.0023162365 10.1298015731 -0.0502043525 1
137.1420156956 69.0023162365 0 -0 0
-35.3635895252 62.1020920277 9.538284076 0.5360349699 1
-28.4633653164 62.1020920277 9.6107198261 0.684402404 1
-21.5631411076 62.1020920277 9.4446424022 1.0293948693 1
-14.6629168987 62.1020920277 0 -0 0
-7.7626926899 62.1020920277 0 -0 0
-0.8624684811 62.1020920277 11.3459094728 1.5956429337 1
6.0377557278 62.1020920277 11.7224064717 0.9748747522 1
12.9379799366 62.1020920277 11.7904003293 0.4590668444 1
19.8382041454 62.1020920277 11.7055711509 0.0991611364 1
26.7384283543 62.1020920277 11.4666795935 -0.1748021781 1
33.6386525631 62.1020920277 11.2608609417 -0.3314309837 1
40.5388767719 62.1020920277 11.090050983 -0.428639881 1
47.4391009808 62.1020920277 10.9577867801 -0.5138913134 1
54.3393251896 62.1020920277 10.8726176049 -0.5949887538 1
61.2395493984 62.1020920277 10.5832749233 -0.5220594601 1
68.1397736073 62.1020920277 10.5958438338 -0.7981861408 1
75.0399978161 62.1020920277 10.5773907867 -0.7288624573 1
81.9402220249 62.1020920277 10.3500316983 -0.925051525 1
88.8404462337 62.1020920277 0 -0 0
95.7406704426 62.1020920277 9.6883103649 -0.6790968102 1
102.6408946514 62.1020920277 9.7888945521 -0.1207783464 1
109.5411188602 62.1020920277 10.0639738235 -0.3881555957 1
116.4413430691 62.1020920277 9.5393205175 -0.3212036634 1
123.3415672779 62.1020920277 9.6699779618 0.4709338262 1
130.2417914867 62.1020920277 10.542064032 0.144876984 1
137.1420156956 62.1020920277 0 -0 0
-35.3635895252 55.2018678188 9.5193045823 0.3574736347 1
-28.4633653164 55.2018678188 9.3613432089 0.4466185778 1
-21.5631411076 55.2018678188 0 -0 0
-14.6629168987 55.2018678188 0 -0 0
-7.7626926899 55.2018678188 0 -0 0
-0.8624684811 55.2018678188 0 -0 0
6.0377557278 55.2018678188 0 -0 0
12.9379799366 55.2018678188 0 -0 0
19.8382041454 55.2018678188 0 -0 0
26.7384283543 55.2018678188 0 -0 0
33.6386525631 55.2018678188 0 -0 0
40.5388767719 55.2018678188 0 -0 0
47.4391009808 55.2018678188 0 -0 0
54.3393251896 55.2018678188 0 -0 0
61.2395493984 55.2018678188 0 -0 0
68.1397736073 55.2018678188 0 -0 0
75.0399978161 55.2018678188 0 -0 0
81.9402220249 55.2018678188 0 -0 0
88.8404462337 55.2018678188 0 -0 0
95.7406704426 55.2018678188 0 -0 0
102.6408946514 55.2018678188 0 -0 0
109.5411188602 55.2018678188 0 -0 0
116.4413430691 55.2018678188 0 -0 0
123.3415672779 55.2018678188 0 -0 0
130.2417914867 55.2018678188 9.5499591242 0.1606073155 1
137.1420156956 55.2018678188 0 -0 0
-35.3635895252 48.30164361 9.442300812 0.2840507974 1
-28.4633653164 48.30164361 9.2763879027 0.3427495838 1
-21.5631411076 48.30164361 0 -0 0
-14.6629168987 48.30164361 0 -0 0
-7.7626926899 48.30164361 0 -0 0
-0.8624684811 48.30164361 0 -0 0
6.0377557278 48.30164361 0 -0 0
12.9379799366 48.30164361 0 -0 0
19.8382041454 48.30164361 0 -0 0
26.7384283543 48.30164361 0 -0 0
33.6386525631 48.30164361 0 -0 0
40.5388767719 48.30164361 0 -0 0
47.4391009808 48.30164361 0 -0 0
54.3393251896 48.30164361 0 -0 0
61.2395493984 48.30164361 0 -0 0
68.1397736073 48.30164361 0 -0 0
75.0399978161 48.30164361 0 -0 0
81.9402220249 48.30164361 0 -0 0
88.8404462337 48.30164361 0 -0 0
95.7406704426 48.30164361 0 -0 0
102.6408946514 48.30164361 10.2711031078 1.1784806835 1
109.5411188602 48.30164361 0 -0 0
116.4413430691 48.30164361 0 -0 0
123.3415672779 48.30164361 10.3552084223 0.5745807257 1
130.2417914867 48.30164361 0 -0 0
137.1420156956 48.30164361 0 -0 0
-35.3635895252 41.4014194012 9.5097737069 -0.0862302939 1
-28.4633653164 41.4014194012 9.4602328964 -0.2964058391 1
-21.5631411076 41.4014194012 9.1779478883 -0.5716304317 1
-14.6629168987 41.4014194012 9.2564542248 -0.9540910825 1
-7.7626926899 41.4014194012 0 -0 0
-0.8624684811 41.4014194012 0 -0 0
6.0377557278 41.4014194012 0 -0 0
12.9379799366 41.4014194012 0 -0 0
19.8382041454 41.4014194012 0 -0 0
26.7384283543 41.4014194012 0 -0 0
33.6386525631 41.4014194012 0 -0 0
40.5388767719 41.4014194012 0 -0 0
47.4391009808 41.4014194012 10.834077333 0.5585734613 1
54.3393251896 41.4014194012 10.7535639192 0.6441895677 1
61.2395493984 41.4014194012 10.610951752 0.6402302512 1
68.1397736073 41.4014194012 10.4548822957 0.7007880518 1
75.0399978161 41.4014194012 10.3380660077 0.7434795738 1
81.9402220249 41.4014194012 10.2316963927 0.8102313467 1
88.8404462337 41.4014194012 9.9444924 0.7532846401 1
95.7406704426 41.4014194012 9.8449007839 0.4875470524 1
102.6408946514 41.4014194012 9.8364392529 0.5516364317 1
109.5411188602 41.4014194012 9.7736166355 0.5132030943 1
116.4413430691 41.4014194012 9.9320386497 0.0289655259 1
123.3415672779 41.4014194012 10.0676041109 0.1796635826 1
130.2417914867 41.4014194012 9.7932487035 0.1803627694 1
137.1420156956 41.4014194012 0 -0 0
-35.3635895252 34.5011951923 9.6614177222 -0.1811387296 1
-28.4633653164 34.5011951923 9.6034592512 -0.3041517318 1
-21.5631411076 34.5011951923 9.5751846863 -0.5364983525 1
-14.6629168987 34.5011951923 9.7801149597 -0.7894065484 1
-7.7626926899 34.5011951923 10.3020592597 -0.9009885322 1
-0.8624684811 34.5011951923 10.6314721984 -0.7915068506 1
6.0377557278 34.5011951923 10.8489110603 -0.7189285212 1
12.9379799366 34.5011951923 10.9831549215 -0.485603039 1
19.8382041454 34.5011951923 11.052415541 -0.2165888701 1
26.7384283543 34.5011951923 11.0033847256 0.1818845288 1
33.6386525631 34.5011951923 10.926084829 0.2627324555 1
40.5388767719 34.5011951923 10.8032966634 0.3932418367 1
47.4391009808 34.5011951923 10.7562784091 0.4858333594 1
54.3393251896 34.5011951923 10.7381708425 0.5714604333 1
61.2395493984 34.5011951923 10.5939738519 0.6516311085 1
68.1397736073 34.5011951923 10.4987802577 0.6245163711 1
75.0399978161 34.5011951923 10.3553619692 0.667813855 1
81.9402220249 34.5011951923 10.286995212 0.6781261745 1
88.8404462337 34.5011951923 10.1258916109 0.5981090462 1
95.7406704426 34.5011951923 10.0353373267 0.519684967 1
102.6408946514 34.5011951923 9.8649112352 0.4653869445 1
109.5411188602 34.5011951923 9.8842197579 0.2580904037 1
116.4413430691 34.5011951923 9.9345392706 0.2162900021 1
123.3415672779 34.5011951923 9.9717798777 0.2278361806 1
130.2417914867 34.5011951923 9.9875348864 0.1553647857 1
137.1420156956 34.5011951923 0 -0 0
-35.3635895252 27.6009709835 9.7327512249 -0.1353461086 1
-28.4633653164 27.6009709835 9.7338589561 -0.2672675729 1
-21.5631411076 27.6009709835 9.8063714796 -0.4052788169 1
-14.6629168987 27.6009709835 9.8553529407 -0.6134116399 1
-7.7626926899 27.6009709835 10.0949464268 -0.5863489988 1
-0.8624684811 27.6009709835 10.5302957589 -0.5616114964 1
6.0377557278 27.6009709835 10.6879390709 -0.5109465032 1
12.9379799366 27.6009709835 10.7980047791 -0.3496701619 1
19.8382041454 27.6009709835 10.8713947135 -0.2089334604 1
26.7384283543 27.6009709835 10.8463281821 -0.0417455634 1
33.6386525631 27.6009709835 10.8435862732 0.2151411422 1
40.5388767719 27.6009709835 10.7929322476 0.4002364464 1
47.4391009808 27.6009709835 10.727828362 0.4038968948 1
54.3393251896 27.6009709835 10.6561658302 0.5097016766 1
61.2395493984 27.6009709835 10.5237206613 0.4764176441 1
68.1397736073 27.6009709835 10.4137372103 0.5351849782 1
75.0399978161 27.6009709835 10.379183674 0.539284132 1
81.9402220249 27.6009709835 10.2876093996 0.5299753512 1
88.8404462337 27.6009709835 10.1547200414 0.4917558826 1
95.7406704426 27.6009709835 10.1133994739 0.4522559426 1
102.6408946514 27.6009709835 9.9792433538 0.3790853609 1
109.5411188602 27.6009709835 9.987606176 0.3419078177 1
116.4413430691 27.6009709835 9.9834110553 0.2787918161 1
123.3415672779 27.6009709835 10.0206516624 0.2295114869 1
130.2417914867 27.6009709835 10.0097882192 0.16227988 1
137.1420156956 27.6009709835 0 -0 0
-35.3635895252 20.7007467747 9.8707734365 -0.1864388396 1
-28.4633653164 20.7007467747 9.9194971582 -0.3054541385 1
-21.5631411076 20.7007467747 9.8006957281 -0.4316258198 1
-14.6629168987 20.7007467747 9.9929528984 -0.3752741075 1
-7.7626926899 20.7007467747 10.2359299001 -0.4660477445 1
-0.8624684811 20.7007467747 10.3783336822 -0.4058381663 1
6.0377557278 20.7007467747 10.5414772635 -0.3802095436 1
12.9379799366 20.7007467747 10.6753866118 -0.1780924688 1
19.8382041454 20.7007467747 10.7335589517 -0.1186944956 1
26.7384283543 20.7007467747 10.7404795298 0.144605535 1
33.6386525631 20.7007467747 10.7353028057 0.2718273674 1
40.5388767719 20.7007467747 10.758537742 0.2395852603 1
47.4391009808 20.7007467747 10.6764175696 0.3527027132 1
54.3393251896 20.7007467747 10.5665931493 0.3515894982 1
61.2395493984 20.7007467747 10.4578764603 0.4283848835 1
68.1397736073 20.7007467747 10.4446330402 0.500867246 1
75.0399978161 20.7007467747 10.3603851464 0.4910484701 1
81.9402220249 20.7007467747 10.2770091797 0.4748081435 1
88.8404462337 20.7007467747 10.2055001948 0.4563605803 1
95.7406704426 20.7007467747 10.1097198321 0.4095863558 1
102.6408946514 20.7007467747 10.1614925565 0.4120376224 1
109.5411188602 20.7007467747 10.0737405031 0.2962851951 1
116.4413430691 20.7007467747 10.0837813736 0.3367420613 1
123.3415672779 20.7007467747 10.0759011273 0.2032056127 1
130.2417914867 20.7007467747 10.0350576519 0.2064410652 1
137.1420156956 20.7007467747 0 -0 0
-35.3635895252 13.8005225658 9.9045647222 -0.1162870996 1
-28.4633653164 13.8005225658 9.9864819933 -0.2214914033 1
-21.5631411076 13.8005225658 10.0396805104 -0.2771795737 1
-14.6629168987 13.8005225658 10.0173558879 -0.2318722705 1
-7.7626926899 13.8005225658 10.2225822874 -0.2589321697 1
-0.8624684811 13.8005225658 10.3822820311 -0.2622745567 1
6.0377557278 13.8005225658 10.5302738236 -0.1503032218 1
12.9379799366 13.8005225658 10.5910071064 -0.1613092442 1
19.8382041454 13.8005225658 10.6684111955 -0.0768365139 1
26.7384283543 13.8005225658 10.6684221631 0.1097997431 1
33.6386525631 13.8005225658 10.6509616871 0.2268545772 1
40.5388767719 13.8005225658 10.6475397847 0.268709817 1
47.4391009808 13.8005225658 10.611461747 0.3140692164 1
54.3393251896 13.8005225658 10.61655073 0.3839632169 1
61.2395493984 13.8005225658 10.5151110673 0.3360949708 1
68.1397736073 13.8005225658 10.4204932739 0.4393662287 1
75.0399978161 13.8005225658 10.3748459741 0.4877828566 1
81.9402220249 13.8005225658 10.3617012627 0.4050430128 1
88.8404462337 13.8005225658 10.2079679128 0.4109463427 1
95.7406704426 13.8005225658 10.1518300694 0.3934474799 1
102.6408946514 13.8005225658 10.1371553728 0.3654964603 1
109.5411188602 13.8005225658 10.1728166404 0.2935378023 1
116.4413430691 13.8005225658 10.1231442182 0.2632369668 1
123.3415672779 13.8005225658 10.1291983531 0.3263584522 1
130.2417914867 13.8005225658 10.122277775 0.2503637043 1
137.1420156956 13.8005225658 0 -0 0
-35.3635895252 6.900298357 9.7372534393 -0.1089607189 1
-28.4633653164 6.900298357 9.9477881745 -0.1818927545 1
-21.5631411076 6.900298357 10.1553232614 -0.1556444604 1
-14.6629168987 6.900298357 10.2224506758 -0.1660006504 1
-7.7626926899 6.900298357 10.2597570887 -0.1842041838 1
-0.8624684811 6.900298357 10.331463491 -0.1822793637 1
6.0377557278 6.900298357 10.4098382158 -0.1113187606 1
12.9379799366 6.900298357 10.5154236449 -0.0487922694 1
19.8382041454 6.900298357 10.5455462564 0.0348112758 1
26.7384283543 6.900298357 10.5521926436 0.1217955946 1
33.6386525631 6.900298357 10.5578354922 0.1817940458 1
40.5388767719 6.900298357 10.5716930999 0.2130901943 1
47.4391009808 6.900298357 10.4466894719 0.2865486765 1
54.3393251896 6.900298357 10.5268409537 0.352228363 1
61.2395493984 6.900298357 10.5203919839 0.4532539975 1
68.1397736073 6.900298357 10.3776262697 0.3288700408 1
75.0399978161 6.900298357 10.3882484249 0.3558230056 1
81.9402220249 6.900298357 10.2899235707 0.3587787834 1
88.8404462337 6.900298357 10.2615886839 0.3774319898 1
95.7406704426 6.900298357 10.2573825956 0.3345649856 1
102.6408946514 6.900298357 10.1895532525 0.333712252 1
109.5411188602 6.900298357 10.1347918473 0.3199341596 1
116.4413430691 6.900298357 10.1767540216 0.3009903108 1
123.3415672779 6.900298357 10.1022179693 0.2934171583 1
130.2417914867 6.900298357 10.1386908418 0.2029698085 1
137.1420156956 6.900298357 0 -0 0
-35.3635895252 0.0000741482 9.9487204236 -0.1172440258 1
-28.4633653164 0.0000741482 9.9207145658 -0.100318222 1
-21.5631411076 0.0000741482 10.1417069417 -0.0827837144 1
-14.6629168987 0.0000741482 10.2862439289 -0.1301968036 1
-7.7626926899 0.0000741482 10.2739601769 -0.1513533729 1
-0.8624684811 0.0000741482 10.3541664969 -0.0969100292 1
6.0377557278 0.0000741482 10.3614544909 -0.0493817798 1
12.9379799366 0.0000741482 10.492358707 0.0065915491 1
19.8382041454 0.0000741482 10.5193829614 0.0679965995 1
26.7384283543 0.0000741482 10.541071461 0.0662116168 1
33.6386525631 0.0000741482 10.523068087 0.1899429992 1
40.5388767719 0.0000741482 10.5215874562 0.2575941182 1
47.4391009808 0.0000741482 10.4947112648 0.2679832111 1
54.3393251896 0.0000741482 10.4822520307 0.2529740016 1
61.2395493984 0.0000741482 10.4656360626 0.3104498966 1
68.1397736073 0.0000741482 10.4324918674 0.263530351 1
75.0399978161 0.0000741482 10.3812730086 0.3367256099 1
81.9402220249 0.0000741482 10.3361028009 0.3654608155 1
88.8404462337 0.0000741482 10.2668366975 0.338436561 1
95.7406704426 0.0000741482 10.2383811667 0.2820958164 1
102.6408946514 0.0000741482 10.2047653632 0.3096136144 1
109.5411188602 0.0000741482 10.1865152174 0.3010122461 1
116.4413430691 0.0000741482 10.1775162723 0.2684356261 1
123.3415672779 0.0000741482 10.189536801 0.2369667373 1
130.2417914867 0.0000741482 10.1472401139 0.2515235318 1
137.1420156956 0.0000741482 0 -0 0
-35.3635895252 -6.9001500607 10.1645963974 -0.1778127941 1
-28.4633653164 -6.9001500607 9.9874526291 -0.1819914633 1
-21.5631411076 -6.9001500607 10.3286064219 -0.0232212267 1
-14.6629168987 -6.9001500607 10.1958267401 -0.0157659763 1
-7.7626926899 -6.9001500607 10.2591374173 -0.0584602403 1
-0.8624684811 -6.9001500607 10.3233255053 -0.0039099621 1
6.0377557278 -6.9001500607 10.3631106039 0.0109429585 1
12.9379799366 -6.9001500607 10.3800720525 0.0468427721 1
19.8382041454 -6.9001500607 10.4797404421 0.0892052651 1
26.7384283543 -6.9001500607 10.5554829343 0.1302379322 1
33.6386525631 -6.9001500607 10.4650054235 0.1585371743 1
40.5388767719 -6.9001500607 10.451772971 0.2132547089 1
47.4391009808 -6.9001500607 10.4451594867 0.2234491263 1
54.3393251896 -6.9001500607 10.4821862248 0.2156566211 1
61.2395493984 -6.9001500607 10.4009599147 0.2798090643 1
68.1397736073 -6.9001500607 10.3915496833 0.3160324232 1
75.0399978161 -6.9001500607 10.3006992728 0.3338356379 1
81.9402220249 -6.9001500607 10.3299664087 0.3246447591 1
88.8404462337 -6.9001500607 10.3225248679 0.3074255711 1
95.7406704426 -6.9001500607 10.2872584353 0.3230050976 1
102.6408946514 -6.9001500607 10.2968276974 0.3310443746 1
109.5411188602 -6.9001500607 10.1905842102 0.2751642706 1
116.4413430691 -6.9001500607 10.2140604345 0.2407917003 1
123.3415672779 -6.9001500607 10.1859119974 0.2638730896 1
130.2417914867 -6.9001500607 10.20389892 0.2168904801 1
137.1420156956 -6.9001500607 0 -0 0
-35.3635895252 -13.8003742695 0 -0 0
-28.4633653164 -13.8003742695 0 -0 0
-21.5631411076 -13.8003742695 0 -0 0
-14.6629168987 -13.8003742695 0 -0 0
-7.7626926899 -13.8003742695 0 -0 0
-0.8624684811 -13.8003742695 0 -0 0
6.0377557278 -13.8003742695 0 -0 0
12.9379799366 -13.8003742695 0 -0 0
19.8382041454 -13.8003742695 0 -0 0
26.7384283543 -13.8003742695 0 -0 0
33.6386525631 -13.8003742695 0 -0 0
40.5388767719 -13.8003742695 0 -0 0
47.4391009808 -13.8003742695 0 -0 0
54.3393251896 -13.8003742695 0 -0 0
61.2395493984 -13.8003742695 0 -0 0
68.1397736073 -13.8003742695 0 -0 0
75.0399978161 -13.8003742695 0 -0 0
81.9402220249 -13.8003742695 0 -0 0
88.8404462337 -13.8003742695 0 -0 0
95.7406704426 -13.8003742695 0 -0 0
102.6408946514 -13.8003742695 0 -0 0
109.5411188602 -13.8003742695 0 -0 0
116.4413430691 -13.8003742695 0 -0 0
123.3415672779 -13.8003742695 0 -0 0
130.2417914867 -13.8003742695 0 -0 0
137.1420156956 -13.8003742695 0 -0 0
